SampleID	Salinity	pH	Redox_potential	Dissolved_oxygen	Temperature	AP	SM	NH4+_N	NO3-_N	TN	TC	TOC	Clay	Silt	Fine_sand	Medium_sand	Coarse_sand
mud01.2020.11.X1	7.33	8.32	116.4	7.46	18.2	12.72	22.12692967	9.643898678	0.590704846	0.058	0.894	0.533954674	18.52	36.28	11.67	12.29	21.2
mud01.2020.11.X2	7.33	8.32	116.4	7.46	18.2	12.72	22.12692967	9.643898678	0.590704846	0.058	0.894	0.533954674	18.52	36.28	11.67	12.29	21.2
mud01.2020.11.X3	7.33	8.32	116.4	7.46	18.2	12.72	22.12692967	9.643898678	0.590704846	0.058	0.894	0.533954674	18.52	36.28	11.67	12.29	21.2
mud02.2020.12.X1	14.44	7.99	74.4	6.48	14.9	20.29	25.17780939	9.616131179	0.374220532	0.046	0.856	0.470266525	21.21	41.22	15.22	13.75	8.6
mud02.2020.12.X2	14.47	7.98	34.1	6.74	15	20.29	25.17780939	9.616131179	0.374220532	0.046	0.856	0.470266525	21.21	41.22	15.22	13.75	8.6
mud02.2020.12.X3	14.47	7.97	10.2	7.02	15.1	20.29	25.17780939	9.616131179	0.374220532	0.046	0.856	0.470266525	21.21	41.22	15.22	13.75	8.6
mud03.2021.01.X1	16.29	8.07	84.4	10.56	11	19.33	26.30241423	8.331344828	0.583465517	0.066	1.793	0.848189236	18.26	36.09	12.73	13.12	19.46
mud03.2021.01.X2	16.17	8.09	82.1	10.21	11	19.33	26.30241423	8.331344828	0.583465517	0.066	1.793	0.848189236	18.26	36.09	12.73	13.12	19.46
mud03.2021.01.X3	16.21	8.06	80.4	10.09	11	19.33	26.30241423	8.331344828	0.583465517	0.066	1.793	0.848189236	18.26	36.09	12.73	13.12	19.46
mud04.2021.02.X1	14.48	8.39	131.2	5.5	13.3	19.96	21.875	9.3632	0.448	0.063	1.292	0.946049321	20.82	43.43	13.98	10.71	11.06
mud04.2021.02.X2	14.48	8.39	131.2	5.23	13.3	19.96	21.875	9.3632	0.448	0.063	1.292	0.946049321	20.82	43.43	13.98	10.71	11.06
mud04.2021.02.X3	14.48	8.39	131.2	5.5	13.3	19.96	21.875	9.3632	0.448	0.063	1.292	0.946049321	20.82	43.43	13.98	10.71	11.06
mud05.2021.03.X1	17.25	8.12	90.6	5.9	20.2	18.74	27.72988506	9.166998012	0.74027833	0.05	1.173	0.916976063	21.91	41.46	10.04	7.91	18.26
mud05.2021.03.X2	17.25	8.12	90.6	5.9	20.2	18.74	27.72988506	9.166998012	0.74027833	0.05	1.173	0.916976063	21.91	41.46	10.04	7.91	18.26
mud05.2021.03.X3	17.25	8.12	90.6	5.9	20.2	18.74	27.72988506	9.166998012	0.74027833	0.05	1.173	0.916976063	21.91	41.46	10.04	7.91	18.26
mud06.2021.04.X1	20.59	8.13	50.6	5.95	26.1	20.22	25.29960053	8.734893048	0.73627451	0.047	1.24	0.699897459	22.95	50.21	10.44	8.02	8.37
mud06.2021.04.X2	20.59	8.13	50.6	5.95	26.1	20.22	25.29960053	8.734893048	0.73627451	0.047	1.24	0.699897459	22.95	50.21	10.44	8.02	8.37
mud06.2021.04.X3	20.59	8.13	50.6	5.95	26.1	20.22	25.29960053	8.734893048	0.73627451	0.047	1.24	0.699897459	22.95	50.21	10.44	8.02	8.37
mud07.2021.05.X1	13.95	8.72	206.7	6.71	25.6	16.67	22.73249139	10.47011887	0.511210996	0.042	0.988	0.609452872	21.17	44.44	16.18	11.04	7.17
mud07.2021.05.X2	13.95	8.72	206.7	6.71	25.6	16.67	22.73249139	10.47011887	0.511210996	0.042	0.988	0.609452872	21.17	44.44	16.18	11.04	7.17
mud07.2021.05.X3	13.95	8.72	206.7	6.71	25.6	16.67	22.73249139	10.47011887	0.511210996	0.042	0.988	0.609452872	21.17	44.44	16.18	11.04	7.17
mud08.2021.06.X1	20.52	7.83	198.2	6.19	24.6	27.64	36.67883212	21.6989049	0.576426513	0.082	1.483	0.874865416	31.48	62.55	4.03	1.69	0.25
mud08.2021.06.X2	20.52	7.83	198.2	6.19	24.6	27.64	36.67883212	21.6989049	0.576426513	0.082	1.483	0.874865416	31.48	62.55	4.03	1.69	0.25
mud08.2021.06.X3	20.52	7.83	198.2	6.19	24.6	27.64	36.67883212	21.6989049	0.576426513	0.082	1.483	0.874865416	31.48	62.55	4.03	1.69	0.25
mud09.2021.07.X1	19.85	7.91	116.8	5.89	30.8	20.49	23.35600907	11.61213018	0.169615385	0.101	1.018	0.668583192	26.39	51.59	9.45	8.2	4.37
mud09.2021.07.X2	19.85	7.91	116.8	5.89	30.8	20.49	23.35600907	11.61213018	0.169615385	0.101	1.018	0.668583192	26.39	51.59	9.45	8.2	4.37
mud09.2021.07.X3	19.85	7.91	116.8	5.89	30.8	20.49	23.35600907	11.61213018	0.169615385	0.101	1.018	0.668583192	26.39	51.59	9.45	8.2	4.37
mud10.2021.08.X1	21.09	7.93	123.7	5.76	32.4	18.82	27.91612058	10.70280909	0.360690909	0.121	1.665	1.135504123	25.16	49.1	7.37	6.94	11.4
mud10.2021.08.X2	21.09	7.93	123.7	5.76	32.4	18.82	27.91612058	10.70280909	0.360690909	0.121	1.665	1.135504123	25.16	49.1	7.37	6.94	11.4
mud10.2021.08.X3	21.09	7.93	123.7	5.76	32.4	18.82	27.91612058	10.70280909	0.360690909	0.121	1.665	1.135504123	25.16	49.1	7.37	6.94	11.4
mud11.2021.09.X1	18.47	8.04	179	7.15	26.4	15.95	26.13784135	8.908485915	0.548318662	0.069	1.055	0.647669601	20.58	43.28	13.12	11.85	11.17
mud11.2021.09.X2	18.47	8.04	179	7.15	26.4	15.95	26.13784135	8.908485915	0.548318662	0.069	1.055	0.647669601	20.58	43.28	13.12	11.85	11.17
mud11.2021.09.X3	18.47	8.04	179	7.15	26.4	15.95	26.13784135	8.908485915	0.548318662	0.069	1.055	0.647669601	20.58	43.28	13.12	11.85	11.17
mud12.2021.10.X1	22.1	8.19	165.3	4.62	26.3	26.33	35.9430605	15.29888889	0.601027778	0.079	1.363	0.815930455	32.6	57.01	4.16	3.96	2.27
mud12.2021.10.X2	22.1	8.19	165.3	4.62	26.3	26.33	35.9430605	15.29888889	0.601027778	0.079	1.363	0.815930455	32.6	57.01	4.16	3.96	2.27
mud12.2021.10.X3	22.1	8.19	165.3	4.62	26.3	26.33	35.9430605	15.29888889	0.601027778	0.079	1.363	0.815930455	32.6	57.01	4.16	3.96	2.27
mud13.2021.11.X1	19.27	8.3	116.4	8.07	18.9	23.47	29.19020716	14.24944149	0.564893617	0.082	1.268	0.890490753	26.01	49.76	9.16	7.1	7.93
mud13.2021.11.X2	19.27	8.3	116.4	8.07	18.9	23.47	29.19020716	14.24944149	0.564893617	0.082	1.268	0.890490753	26.01	49.76	9.16	7.1	7.93
mud13.2021.11.X3	19.27	8.3	116.4	8.07	18.9	23.47	29.19020716	14.24944149	0.564893617	0.082	1.268	0.890490753	26.01	49.76	9.16	7.1	7.93
mud14.2021.12.X1	22.4	7.86	74.4	9.59	9.8	25.69	35.48387097	14.59325	0.713	0.09	1.454	0.834212161	27.75	58.13	6.23	4.02	3.87
mud14.2021.12.X2	22.4	7.86	34.1	9.59	9.8	25.69	35.48387097	14.59325	0.713	0.09	1.454	0.834212161	27.75	58.13	6.23	4.02	3.87
mud14.2021.12.X3	22.4	7.86	10.2	9.59	9.8	25.69	35.48387097	14.59325	0.713	0.09	1.454	0.834212161	27.75	58.13	6.23	4.02	3.87
mud15.2022.01.X1	22.3	8.07	84.4	8.67	7.6	25.22	33.07332293	21.43390443	0.582727273	0.086	1.737	0.957235118	29.61	59.08	6.28	3.29	1.74
mud15.2022.01.X2	22.3	8.07	82.1	8.67	7.6	25.22	33.07332293	21.43390443	0.582727273	0.086	1.737	0.957235118	29.61	59.08	6.28	3.29	1.74
mud15.2022.01.X3	22.3	8.07	80.4	8.67	7.6	25.22	33.07332293	21.43390443	0.582727273	0.086	1.737	0.957235118	29.61	59.08	6.28	3.29	1.74
mud16.2022.02.X1	22	7.96	131.2	5.5	18.7	27.92	33.51800554	16.80154167	0.819770833	0.078	1.581	0.858418355	28.48	59.79	5.71	3.29	2.73
mud16.2022.02.X2	22	7.97	131.2	5.23	18.8	27.92	33.51800554	16.80154167	0.819770833	0.078	1.581	0.858418355	28.48	59.79	5.71	3.29	2.73
mud16.2022.02.X3	22	7.96	131.2	5.5	18.8	27.92	33.51800554	16.80154167	0.819770833	0.078	1.581	0.858418355	28.48	59.79	5.71	3.29	2.73
mud17.2022.03.X1	21.05	7.93	90.6	8.62	14.4	21.43	35.86337761	16.86244083	0.865340237	0.082	1.586	0.913507287	30.78	62.06	5.16	1.94	0.06
mud17.2022.03.X2	21.05	7.93	90.6	8.62	14.4	21.43	35.86337761	16.86244083	0.865340237	0.082	1.586	0.913507287	30.78	62.06	5.16	1.94	0.06
mud17.2022.03.X3	21.05	7.93	90.6	8.62	14.4	21.43	35.86337761	16.86244083	0.865340237	0.082	1.586	0.913507287	30.78	62.06	5.16	1.94	0.06
mud18.2022.04.X1	22.6	7.82	50.6	5.38	21.9	32.91	36.49373882	22.1001831	0.83456338	0.095	1.592	0.937914365	32.47	63.96	2.8	0.77	0
mud18.2022.04.X2	22.2	7.83	50.6	4.9	21.9	32.91	36.49373882	22.1001831	0.83456338	0.095	1.592	0.937914365	32.47	63.96	2.8	0.77	0
mud18.2022.04.X3	21.9	7.84	50.6	4.85	21.9	32.91	36.49373882	22.1001831	0.83456338	0.095	1.592	0.937914365	32.47	63.96	2.8	0.77	0
mud19.2022.05.X1	18.29	7.57	206.7	6.26	25.5	22.47	31.99268739	8.75641129	0.801384409	0.076	1.419	0.932592129	29.8	57.34	6.86	4.43	1.57
mud19.2022.05.X2	18.29	7.57	206.7	6.26	25.5	22.47	31.99268739	8.75641129	0.801384409	0.076	1.419	0.932592129	29.8	57.34	6.86	4.43	1.57
mud19.2022.05.X3	18.29	7.57	206.7	6.26	25.5	22.47	31.99268739	8.75641129	0.801384409	0.076	1.419	0.932592129	29.8	57.34	6.86	4.43	1.57
mud20.2022.06.X1	24	7.85	198.2	5.02	32.7	24.24	36.61360347	12.38436073	0.962351598	0.09	1.625	0.965922564	30.1	61.35	5.6	2.49	0.46
mud20.2022.06.X2	24	7.84	198.2	5.02	32.8	24.24	36.61360347	12.38436073	0.962351598	0.09	1.625	0.965922564	30.1	61.35	5.6	2.49	0.46
mud20.2022.06.X3	24.1	7.84	198.2	5.15	32.8	24.24	36.61360347	12.38436073	0.962351598	0.09	1.625	0.965922564	30.1	61.35	5.6	2.49	0.46
mud21.2022.07.X1	29.3	7.76	552.5	5.37	33.3	29.68	38.07017544	18.37563739	1.017280453	0.1	1.636	1.10283358	29.02	62.81	6.02	2.08	0.07
mud21.2022.07.X2	29.2	7.76	474.1	5.3	33.4	29.68	38.07017544	18.37563739	1.017280453	0.1	1.636	1.10283358	29.02	62.81	6.02	2.08	0.07
mud21.2022.07.X3	29.2	7.76	496.2	5.33	33.2	29.68	38.07017544	18.37563739	1.017280453	0.1	1.636	1.10283358	29.02	62.81	6.02	2.08	0.07
mud22.2022.08.X1	41.7	7.61	123.7	4.02	37.8	29.14	36.97478992	1.443866667	1.316933333	0.095	1.631	0.888230286	29.28	55.71	6.93	5.78	2.3
mud22.2022.08.X2	41.7	7.61	123.7	4.02	37.8	29.14	36.97478992	1.443866667	1.316933333	0.095	1.631	0.888230286	29.28	55.71	6.93	5.78	2.3
mud22.2022.08.X3	41.7	7.61	123.7	4.02	37.8	29.14	36.97478992	1.443866667	1.316933333	0.095	1.631	0.888230286	29.28	55.71	6.93	5.78	2.3
mud23.2022.09.X1	23.7	7.72	-35	4.99	27.1	28.82	36.15384615	17.0253012	0.908433735	0.09	1.634	0.964274491	31.87	61.61	4.07	1.77	0.68
mud23.2022.09.X2	23.7	7.72	-35	4.99	27.1	28.82	36.15384615	17.0253012	0.908433735	0.09	1.634	0.964274491	31.87	61.61	4.07	1.77	0.68
mud23.2022.09.X3	23.7	7.72	-35	4.99	27.1	28.82	36.15384615	17.0253012	0.908433735	0.09	1.634	0.964274491	31.87	61.61	4.07	1.77	0.68
mud24.2022.10.X1	24.1	7.74	-93.1	5.77	19.7	28.86	39.08045977	21.93056604	1.263962264	0.097	1.48	0.907175176	31.74	63.77	3.3	1.19	0
mud24.2022.10.X2	24.1	7.74	-93.1	5.77	19.7	28.86	39.08045977	21.93056604	1.263962264	0.097	1.48	0.907175176	31.74	63.77	3.3	1.19	0
mud24.2022.10.X3	24.1	7.74	-93.1	5.77	19.7	28.86	39.08045977	21.93056604	1.263962264	0.097	1.48	0.907175176	31.74	63.77	3.3	1.19	0
