SampleID	Salinity	pH	Redox_potential	Dissolved_oxygen	Temperature	AP	SM	NH4+_N	NO3-_N	TN	TC	TOC	Clay	Silt	Fine_sand	Medium_sand	Coarse_sand
mud01.2020.11.S1	17.96 	8.05 	122.90 	8.26 	18.80 	15.69	19.23641703	3.986945455	0.575754545	0.044	0.63	0.351160041	9.1	16.96	21.7	29.77	22.47
mud01.2020.11.S2	17.96 	8.05 	122.90 	8.26 	18.80 	15.69	19.23641703	3.986945455	0.575754545	0.044	0.63	0.351160041	9.1	16.96	21.7	29.77	22.47
mud01.2020.11.S3	17.96 	8.05 	122.90 	8.26 	18.80 	15.69	19.23641703	3.986945455	0.575754545	0.044	0.63	0.351160041	9.1	16.96	21.7	29.77	22.47
mud01.2020.11.X1	7.33 	8.32 	116.40 	7.46 	18.20 	12.72	22.12692967	9.643898678	0.590704846	0.058	0.894	0.533954674	18.52	36.28	11.67	12.29	21.2
mud01.2020.11.X2	7.33 	8.32 	116.40 	7.46 	18.20 	12.72	22.12692967	9.643898678	0.590704846	0.058	0.894	0.533954674	18.52	36.28	11.67	12.29	21.2
mud01.2020.11.X3	7.33 	8.32 	116.40 	7.46 	18.20 	12.72	22.12692967	9.643898678	0.590704846	0.058	0.894	0.533954674	18.52	36.28	11.67	12.29	21.2
mud01.2020.11.Z1	15.24 	8.19 	131.80 	7.66 	19.00 	11.45	18.15823606	4.038280507	0.629263074	0.051	0.69	0.418705664	12.65	24.69	17.3	25.77	19.59
mud01.2020.11.Z2	15.24 	8.19 	131.80 	7.66 	19.00 	11.45	18.15823606	4.038280507	0.629263074	0.051	0.69	0.418705664	12.65	24.69	17.3	25.77	19.59
mud01.2020.11.Z3	15.24 	8.19 	131.80 	7.66 	19.00 	11.45	18.15823606	4.038280507	0.629263074	0.051	0.69	0.418705664	12.65	24.69	17.3	25.77	19.59
mud02.2020.12.S1	16.65 	7.71 	-8.8	7.38 	15.90 	13.42	21.32998745	3.896020734	0.565653907	0.048	1.617	1.42241349	11.41	28.05	22.84	22.76	14.94
mud02.2020.12.S2	16.57 	7.71 	-55.3	7.70 	16.00 	13.42	21.32998745	3.896020734	0.565653907	0.048	1.617	1.42241349	11.41	28.05	22.84	22.76	14.94
mud02.2020.12.S3	16.52 	7.72 	-66.8	7.46 	16.10 	13.42	21.32998745	3.896020734	0.565653907	0.048	1.617	1.42241349	11.41	28.05	22.84	22.76	14.94
mud02.2020.12.X1	14.44 	7.99 	74.4	6.48 	14.90 	20.29	25.17780939	9.616131179	0.374220532	0.046	0.856	0.470266525	21.21	41.22	15.22	13.75	8.6
mud02.2020.12.X2	14.47 	7.98 	34.1	6.74 	15.00 	20.29	25.17780939	9.616131179	0.374220532	0.046	0.856	0.470266525	21.21	41.22	15.22	13.75	8.6
mud02.2020.12.X3	14.47 	7.97 	10.2	7.02 	15.10 	20.29	25.17780939	9.616131179	0.374220532	0.046	0.856	0.470266525	21.21	41.22	15.22	13.75	8.6
mud02.2020.12.Z1	16.02 	7.89 	-96.2	8.66 	14.90 	17.32	26.09970674	6.813234127	0.554801587	0.048	0.851	0.462025759	19.18	37.21	16.31	16.09	11.21
mud02.2020.12.Z2	16.01 	7.85 	-111.8	7.97 	15.10 	17.32	26.09970674	6.813234127	0.554801587	0.048	0.851	0.462025759	19.18	37.21	16.31	16.09	11.21
mud02.2020.12.Z3	15.99 	7.85 	-115.7	8.21 	15.10 	17.32	26.09970674	6.813234127	0.554801587	0.048	0.851	0.462025759	19.18	37.21	16.31	16.09	11.21
mud03.2021.01.S1	23.80 	7.70 	-60.8	6.90 	11.70 	14.28	20.67247821	4.481420722	0.762660911	0.053	0.907	0.628462059	8.44	21.24	22.52	26.21	21.59
mud03.2021.01.S2	23.85 	7.71 	-63.3	6.62 	11.70 	14.28	20.67247821	4.481420722	0.762660911	0.053	0.907	0.628462059	8.44	21.24	22.52	26.21	21.59
mud03.2021.01.S3	23.82 	7.71 	-66.8	6.46 	11.70 	14.28	20.67247821	4.481420722	0.762660911	0.053	0.907	0.628462059	8.44	21.24	22.52	26.21	21.59
mud03.2021.01.X1	16.29 	8.07 	84.4	10.56 	11.00 	19.33	26.30241423	8.331344828	0.583465517	0.066	1.793	0.848189236	18.26	36.09	12.73	13.12	19.46
mud03.2021.01.X2	16.17 	8.09 	82.1	10.21 	11.00 	19.33	26.30241423	8.331344828	0.583465517	0.066	1.793	0.848189236	18.26	36.09	12.73	13.12	19.46
mud03.2021.01.X3	16.21 	8.06 	80.4	10.09 	11.00 	19.33	26.30241423	8.331344828	0.583465517	0.066	1.793	0.848189236	18.26	36.09	12.73	13.12	19.46
mud03.2021.01.Z1	16.96 	7.96 	33.4	7.21 	12.00 	14.27	22.94429708	5.852908778	0.655370052	0.042	0.75	0.456796199	15.18	33.58	20.43	18.67	12.14
mud03.2021.01.Z2	17.01 	7.98 	30.4	7.17 	12.00 	14.27	22.94429708	5.852908778	0.655370052	0.042	0.75	0.456796199	15.18	33.58	20.43	18.67	12.14
mud03.2021.01.Z3	16.99 	7.95 	28.4	7.12 	12.00 	14.27	22.94429708	5.852908778	0.655370052	0.042	0.75	0.456796199	15.18	33.58	20.43	18.67	12.14
mud04.2021.02.S1	19.59 	8.03 	-20.9	4.86 	13.30 	18.7	28.60606061	3.767826825	0.651315789	0.061	1.671	0.760682922	18.39	42.33	11.83	14.17	13.28
mud04.2021.02.S2	19.59 	8.03 	-20.9	4.90 	13.30 	18.7	28.60606061	3.767826825	0.651315789	0.061	1.671	0.760682922	18.39	42.33	11.83	14.17	13.28
mud04.2021.02.S3	19.59 	8.03 	-20.9	5.76 	13.30 	18.7	28.60606061	3.767826825	0.651315789	0.061	1.671	0.760682922	18.39	42.33	11.83	14.17	13.28
mud04.2021.02.X1	14.48 	8.39 	131.2	5.50 	13.30 	19.96	21.875	9.3632	0.448	0.063	1.292	0.946049321	20.82	43.43	13.98	10.71	11.06
mud04.2021.02.X2	14.48 	8.39 	131.2	5.23 	13.30 	19.96	21.875	9.3632	0.448	0.063	1.292	0.946049321	20.82	43.43	13.98	10.71	11.06
mud04.2021.02.X3	14.48 	8.39 	131.2	5.50 	13.30 	19.96	21.875	9.3632	0.448	0.063	1.292	0.946049321	20.82	43.43	13.98	10.71	11.06
mud04.2021.02.Z1	18.68 	8.25 	123.1	6.50 	12.90 	14.05	22.73781903	8.283483483	0.388288288	0.048	0.862	0.595655877	18.93	40.02	20.77	14.73	5.55
mud04.2021.02.Z2	18.68 	8.25 	123.1	6.20 	12.90 	14.05	22.73781903	8.283483483	0.388288288	0.048	0.862	0.595655877	18.93	40.02	20.77	14.73	5.55
mud04.2021.02.Z3	18.68 	8.25 	123.1	6.30 	12.90 	14.05	22.73781903	8.283483483	0.388288288	0.048	0.862	0.595655877	18.93	40.02	20.77	14.73	5.55
mud05.2021.03.S1	18.89 	7.81 	-49.6	6.51 	21.10 	18.05	27.54010695	5.934317343	0.800442804	0.059	0.992	0.739938396	12.61	27.88	10.87	17.41	31.2
mud05.2021.03.S2	18.89 	7.81 	-49.6	6.51 	21.10 	18.05	27.54010695	5.934317343	0.800442804	0.059	0.992	0.739938396	12.61	27.88	10.87	17.41	31.2
mud05.2021.03.S3	18.89 	7.81 	-49.6	6.51 	21.10 	18.05	27.54010695	5.934317343	0.800442804	0.059	0.992	0.739938396	12.61	27.88	10.87	17.41	31.2
mud05.2021.03.X1	17.25 	8.12 	90.6	5.90 	20.20 	18.74	27.72988506	9.166998012	0.74027833	0.05	1.173	0.916976063	21.91	41.46	10.04	7.91	18.26
mud05.2021.03.X2	17.25 	8.12 	90.6	5.90 	20.20 	18.74	27.72988506	9.166998012	0.74027833	0.05	1.173	0.916976063	21.91	41.46	10.04	7.91	18.26
mud05.2021.03.X3	17.25 	8.12 	90.6	5.90 	20.20 	18.74	27.72988506	9.166998012	0.74027833	0.05	1.173	0.916976063	21.91	41.46	10.04	7.91	18.26
mud05.2021.03.Z1	19.94 	7.91 	45.6	5.23 	21.70 	21.13	26.96335079	8.605268817	0.650358423	0.048	0.844	0.5703267	18.93	39.28	16.22	16.53	9.04
mud05.2021.03.Z2	19.94 	7.91 	45.6	5.23 	21.70 	21.13	26.96335079	8.605268817	0.650358423	0.048	0.844	0.5703267	18.93	39.28	16.22	16.53	9.04
mud05.2021.03.Z3	19.94 	7.91 	45.6	5.23 	21.70 	21.13	26.96335079	8.605268817	0.650358423	0.048	0.844	0.5703267	18.93	39.28	16.22	16.53	9.04
mud06.2021.04.S1	22.20 	7.79 	-140.4	4.94 	26.00 	15.8	24.79201331	8.655995575	0.698064159	0.041	0.873	0.523221799	19.14	40.52	10.15	13.52	16.67
mud06.2021.04.S2	22.20 	7.79 	-140.4	4.94 	26.00 	15.8	24.79201331	8.655995575	0.698064159	0.041	0.873	0.523221799	19.14	40.52	10.15	13.52	16.67
mud06.2021.04.S3	22.20 	7.79 	-140.4	4.94 	26.00 	15.8	24.79201331	8.655995575	0.698064159	0.041	0.873	0.523221799	19.14	40.52	10.15	13.52	16.67
mud06.2021.04.X1	20.59 	8.13 	50.6	5.95 	26.10 	20.22	25.29960053	8.734893048	0.73627451	0.047	1.24	0.699897459	22.95	50.21	10.44	8.02	8.37
mud06.2021.04.X2	20.59 	8.13 	50.6	5.95 	26.10 	20.22	25.29960053	8.734893048	0.73627451	0.047	1.24	0.699897459	22.95	50.21	10.44	8.02	8.37
mud06.2021.04.X3	20.59 	8.13 	50.6	5.95 	26.10 	20.22	25.29960053	8.734893048	0.73627451	0.047	1.24	0.699897459	22.95	50.21	10.44	8.02	8.37
mud06.2021.04.Z1	21.04 	7.92 	-62.3	5.24 	24.40 	16.8	26.99757869	5.575157546	0.760248756	0.052	0.779	0.51497388	18.42	39.38	12.62	15.33	14.23
mud06.2021.04.Z2	21.04 	7.92 	-62.3	5.24 	24.40 	16.8	26.99757869	5.575157546	0.760248756	0.052	0.779	0.51497388	18.42	39.38	12.62	15.33	14.23
mud06.2021.04.Z3	21.04 	7.92 	-62.3	5.24 	24.40 	16.8	26.99757869	5.575157546	0.760248756	0.052	0.779	0.51497388	18.42	39.38	12.62	15.33	14.23
mud07.2021.05.S1	16.21 	9.70 	-49.6	6.02 	23.80 	15.47	23.37962963	5.109607251	0.554682779	0.039	0.629	0.417158122	12.69	27.35	20.56	24.87	14.53
mud07.2021.05.S2	16.21 	9.70 	-49.6	6.02 	23.80 	15.47	23.37962963	5.109607251	0.554682779	0.039	0.629	0.417158122	12.69	27.35	20.56	24.87	14.53
mud07.2021.05.S3	16.21 	9.70 	-49.6	6.02 	23.80 	15.47	23.37962963	5.109607251	0.554682779	0.039	0.629	0.417158122	12.69	27.35	20.56	24.87	14.53
mud07.2021.05.X1	13.95 	8.72 	206.7	6.71 	25.60 	16.67	22.73249139	10.47011887	0.511210996	0.042	0.988	0.609452872	21.17	44.44	16.18	11.04	7.17
mud07.2021.05.X2	13.95 	8.72 	206.7	6.71 	25.60 	16.67	22.73249139	10.47011887	0.511210996	0.042	0.988	0.609452872	21.17	44.44	16.18	11.04	7.17
mud07.2021.05.X3	13.95 	8.72 	206.7	6.71 	25.60 	16.67	22.73249139	10.47011887	0.511210996	0.042	0.988	0.609452872	21.17	44.44	16.18	11.04	7.17
mud07.2021.05.Z1	14.73 	9.11 	213	6.57 	25.00 	16.65	21.80094787	4.782666667	0.460363636	0.041	0.758	0.493122805	13.17	26.81	17.87	24.05	18.1
mud07.2021.05.Z2	14.73 	9.11 	213	6.57 	25.00 	16.65	21.80094787	4.782666667	0.460363636	0.041	0.758	0.493122805	13.17	26.81	17.87	24.05	18.1
mud07.2021.05.Z3	14.73 	9.11 	213	6.57 	25.00 	16.65	21.80094787	4.782666667	0.460363636	0.041	0.758	0.493122805	13.17	26.81	17.87	24.05	18.1
mud08.2021.06.S1	19.91 	7.90 	168.10 	5.82 	25.80 	23.59	32.48031496	8.97516035	0.555393586	0.061	1.3	0.74092875	28.13	63.12	5.22	2.77	0.76
mud08.2021.06.S2	19.91 	7.90 	168.10 	5.82 	25.80 	23.59	32.48031496	8.97516035	0.555393586	0.061	1.3	0.74092875	28.13	63.12	5.22	2.77	0.76
mud08.2021.06.S3	19.91 	7.90 	168.10 	5.82 	25.80 	23.59	32.48031496	8.97516035	0.555393586	0.061	1.3	0.74092875	28.13	63.12	5.22	2.77	0.76
mud08.2021.06.X1	20.52 	7.83 	198.20 	6.19 	24.60 	27.64	36.67883212	21.6989049	0.576426513	0.082	1.483	0.874865416	31.48	62.55	4.03	1.69	0.25
mud08.2021.06.X2	20.52 	7.83 	198.20 	6.19 	24.60 	27.64	36.67883212	21.6989049	0.576426513	0.082	1.483	0.874865416	31.48	62.55	4.03	1.69	0.25
mud08.2021.06.X3	20.52 	7.83 	198.20 	6.19 	24.60 	27.64	36.67883212	21.6989049	0.576426513	0.082	1.483	0.874865416	31.48	62.55	4.03	1.69	0.25
mud08.2021.06.Z1	19.84 	7.94 	160.80 	5.92 	25.40 	24.8	36.75048356	13.28073394	0.561269113	0.069	1.309	0.765443261	27.82	56.44	7.28	5.45	3.01
mud08.2021.06.Z2	19.84 	7.94 	160.80 	5.92 	25.40 	24.8	36.75048356	13.28073394	0.561269113	0.069	1.309	0.765443261	27.82	56.44	7.28	5.45	3.01
mud08.2021.06.Z3	19.84 	7.94 	160.80 	5.92 	25.40 	24.8	36.75048356	13.28073394	0.561269113	0.069	1.309	0.765443261	27.82	56.44	7.28	5.45	3.01
mud09.2021.07.S1	21.30 	7.59 	242.60 	4.88 	32.10 	24.36	26.68863262	8.818550562	0.402393258	0.121	1.607	0.930528522	20.76	42.94	9.46	11.3	15.3
mud09.2021.07.S2	21.30 	7.59 	242.60 	4.88 	32.10 	24.36	26.68863262	8.818550562	0.402393258	0.121	1.607	0.930528522	20.76	42.94	9.46	11.3	15.3
mud09.2021.07.S3	21.30 	7.59 	242.60 	4.88 	32.10 	24.36	26.68863262	8.818550562	0.402393258	0.121	1.607	0.930528522	20.76	42.94	9.46	11.3	15.3
mud09.2021.07.X1	19.85 	7.91 	116.80 	5.89 	30.80 	20.49	23.35600907	11.61213018	0.169615385	0.101	1.018	0.668583192	26.39	51.59	9.45	8.2	4.37
mud09.2021.07.X2	19.85 	7.91 	116.80 	5.89 	30.80 	20.49	23.35600907	11.61213018	0.169615385	0.101	1.018	0.668583192	26.39	51.59	9.45	8.2	4.37
mud09.2021.07.X3	19.85 	7.91 	116.80 	5.89 	30.80 	20.49	23.35600907	11.61213018	0.169615385	0.101	1.018	0.668583192	26.39	51.59	9.45	8.2	4.37
mud09.2021.07.Z1	21.70 	7.89 	106.20 	5.28 	31.30 	21.53	26.85185185	9.72	0.22556962	0.113	1.112	0.741040229	22.52	44.03	9.04	13.51	10.9
mud09.2021.07.Z2	21.70 	7.89 	106.20 	5.28 	31.30 	21.53	26.85185185	9.72	0.22556962	0.113	1.112	0.741040229	22.52	44.03	9.04	13.51	10.9
mud09.2021.07.Z3	21.70 	7.89 	106.20 	5.28 	31.30 	21.53	26.85185185	9.72	0.22556962	0.113	1.112	0.741040229	22.52	44.03	9.04	13.51	10.9
mud10.2021.08.S1	21.90 	7.88 	170.80 	6.37 	31.20 	21.17	25.30364372	8.842466125	0.528807588	0.061	0.875	0.54332455	13.23	28.93	15.66	20.31	21.87
mud10.2021.08.S2	21.90 	7.88 	170.80 	6.37 	31.20 	21.17	25.30364372	8.842466125	0.528807588	0.061	0.875	0.54332455	13.23	28.93	15.66	20.31	21.87
mud10.2021.08.S3	21.90 	7.88 	170.80 	6.37 	31.20 	21.17	25.30364372	8.842466125	0.528807588	0.061	0.875	0.54332455	13.23	28.93	15.66	20.31	21.87
mud10.2021.08.X1	21.09 	7.93 	123.70 	5.76 	32.40 	18.82	27.91612058	10.70280909	0.360690909	0.121	1.665	1.135504123	25.16	49.1	7.37	6.94	11.4
mud10.2021.08.X2	21.09 	7.93 	123.70 	5.76 	32.40 	18.82	27.91612058	10.70280909	0.360690909	0.121	1.665	1.135504123	25.16	49.1	7.37	6.94	11.4
mud10.2021.08.X3	21.09 	7.93 	123.70 	5.76 	32.40 	18.82	27.91612058	10.70280909	0.360690909	0.121	1.665	1.135504123	25.16	49.1	7.37	6.94	11.4
mud10.2021.08.Z1	22.80 	8.05 	180.70 	6.15 	32.00 	17.67	28.48664688	9.592614108	0.545352697	0.134	2.297	1.120997729	19.62	41.74	9.04	13.12	16.47
mud10.2021.08.Z2	22.80 	8.05 	180.70 	6.15 	32.00 	17.67	28.48664688	9.592614108	0.545352697	0.134	2.297	1.120997729	19.62	41.74	9.04	13.12	16.47
mud10.2021.08.Z3	22.80 	8.05 	180.70 	6.15 	32.00 	17.67	28.48664688	9.592614108	0.545352697	0.134	2.297	1.120997729	19.62	41.74	9.04	13.12	16.47
mud11.2021.09.S1	20.04 	7.71 	197.80 	6.36 	25.90 	18.16	30.58637084	6.01466895	0.684303653	0.079	1.054	0.628071006	17.37	38.2	10.66	13.3	20.47
mud11.2021.09.S2	20.04 	7.71 	197.80 	6.36 	25.90 	18.16	30.58637084	6.01466895	0.684303653	0.079	1.054	0.628071006	17.37	38.2	10.66	13.3	20.47
mud11.2021.09.S3	20.04 	7.71 	197.80 	6.36 	25.90 	18.16	30.58637084	6.01466895	0.684303653	0.079	1.054	0.628071006	17.37	38.2	10.66	13.3	20.47
mud11.2021.09.X1	18.47 	8.04 	179.00 	7.15 	26.40 	15.95	26.13784135	8.908485915	0.548318662	0.069	1.055	0.647669601	20.58	43.28	13.12	11.85	11.17
mud11.2021.09.X2	18.47 	8.04 	179.00 	7.15 	26.40 	15.95	26.13784135	8.908485915	0.548318662	0.069	1.055	0.647669601	20.58	43.28	13.12	11.85	11.17
mud11.2021.09.X3	18.47 	8.04 	179.00 	7.15 	26.40 	15.95	26.13784135	8.908485915	0.548318662	0.069	1.055	0.647669601	20.58	43.28	13.12	11.85	11.17
mud11.2021.09.Z1	22.00 	7.64 	203.40 	5.84 	25.90 	16.51	29.02813299	7.932720721	0.591783784	0.068	0.997	0.673593762	19.18	38.74	11.33	12.6	18.02
mud11.2021.09.Z2	22.00 	7.64 	203.40 	5.84 	25.90 	16.51	29.02813299	7.932720721	0.591783784	0.068	0.997	0.673593762	19.18	38.74	11.33	12.6	18.02
mud11.2021.09.Z3	22.00 	7.64 	203.40 	5.84 	25.90 	16.51	29.02813299	7.932720721	0.591783784	0.068	0.997	0.673593762	19.18	38.74	11.33	12.6	18.02
mud12.2021.10.S1	21.57 	7.69 	101.70 	6.26 	26.50 	21.41	30.04552352	5.439251627	0.628980477	0.085	1.563	1.312109832	19.5	40.97	12.09	13.44	14
mud12.2021.10.S2	21.57 	7.69 	101.70 	6.26 	26.50 	21.41	30.04552352	5.439251627	0.628980477	0.085	1.563	1.312109832	19.5	40.97	12.09	13.44	14
mud12.2021.10.S3	21.57 	7.69 	101.70 	6.26 	26.50 	21.41	30.04552352	5.439251627	0.628980477	0.085	1.563	1.312109832	19.5	40.97	12.09	13.44	14
mud12.2021.10.X1	22.10 	8.19 	165.30 	4.62 	26.30 	26.33	35.9430605	15.29888889	0.601027778	0.079	1.363	0.815930455	32.6	57.01	4.16	3.96	2.27
mud12.2021.10.X2	22.10 	8.19 	165.30 	4.62 	26.30 	26.33	35.9430605	15.29888889	0.601027778	0.079	1.363	0.815930455	32.6	57.01	4.16	3.96	2.27
mud12.2021.10.X3	22.10 	8.19 	165.30 	4.62 	26.30 	26.33	35.9430605	15.29888889	0.601027778	0.079	1.363	0.815930455	32.6	57.01	4.16	3.96	2.27
mud12.2021.10.Z1	21.50 	8.07 	140.70 	4.61 	25.50 	21.21	31.53284672	9.800319829	0.540405117	0.076	1.22	0.861585049	21.95	44.02	10.59	9.36	14.04
mud12.2021.10.Z2	21.50 	8.07 	140.70 	4.61 	25.50 	21.21	31.53284672	9.800319829	0.540405117	0.076	1.22	0.861585049	21.95	44.02	10.59	9.36	14.04
mud12.2021.10.Z3	21.50 	8.07 	140.70 	4.61 	25.50 	21.21	31.53284672	9.800319829	0.540405117	0.076	1.22	0.861585049	21.95	44.02	10.59	9.36	14.04
mud13.2021.11.S1	20.98 	7.72 	122.90 	6.99 	19.10 	19.98	33.28290469	6.797358277	0.659501134	0.083	1.129	0.882721816	21.41	46.62	15.31	10.86	5.8
mud13.2021.11.S2	20.98 	7.72 	122.90 	6.99 	19.10 	19.98	33.28290469	6.797358277	0.659501134	0.083	1.129	0.882721816	21.41	46.62	15.31	10.86	5.8
mud13.2021.11.S3	20.98 	7.72 	122.90 	6.99 	19.10 	19.98	33.28290469	6.797358277	0.659501134	0.083	1.129	0.882721816	21.41	46.62	15.31	10.86	5.8
mud13.2021.11.X1	19.27 	8.30 	116.40 	8.07 	18.90 	23.47	29.19020716	14.24944149	0.564893617	0.082	1.268	0.890490753	26.01	49.76	9.16	7.1	7.93
mud13.2021.11.X2	19.27 	8.30 	116.40 	8.07 	18.90 	23.47	29.19020716	14.24944149	0.564893617	0.082	1.268	0.890490753	26.01	49.76	9.16	7.1	7.93
mud13.2021.11.X3	19.27 	8.30 	116.40 	8.07 	18.90 	23.47	29.19020716	14.24944149	0.564893617	0.082	1.268	0.890490753	26.01	49.76	9.16	7.1	7.93
mud13.2021.11.Z1	20.51 	8.21 	131.80 	8.78 	18.10 	20.5	35.45150502	10.25585492	0.611943005	0.066	1.21	0.770069204	27.49	55.94	9.27	4.96	2.34
mud13.2021.11.Z2	20.51 	8.21 	131.80 	8.78 	18.10 	20.5	35.45150502	10.25585492	0.611943005	0.066	1.21	0.770069204	27.49	55.94	9.27	4.96	2.34
mud13.2021.11.Z3	20.51 	8.21 	131.80 	8.78 	18.10 	20.5	35.45150502	10.25585492	0.611943005	0.066	1.21	0.770069204	27.49	55.94	9.27	4.96	2.34
mud14.2021.12.S1	23.00 	7.91 	-8.8	8.08 	9.20 	25.37	36.76148796	4.957422145	0.743217993	0.081	1.518	0.989459725	27.34	57.89	7.13	3.66	3.98
mud14.2021.12.S2	23.00 	7.91 	-55.3	8.08 	9.20 	25.37	36.76148796	4.957422145	0.743217993	0.081	1.518	0.989459725	27.34	57.89	7.13	3.66	3.98
mud14.2021.12.S3	23.00 	7.91 	-66.8	8.08 	9.20 	25.37	36.76148796	4.957422145	0.743217993	0.081	1.518	0.989459725	27.34	57.89	7.13	3.66	3.98
mud14.2021.12.X1	22.40 	7.86 	74.4	9.59 	9.80 	25.69	35.48387097	14.59325	0.713	0.09	1.454	0.834212161	27.75	58.13	6.23	4.02	3.87
mud14.2021.12.X2	22.40 	7.86 	34.1	9.59 	9.80 	25.69	35.48387097	14.59325	0.713	0.09	1.454	0.834212161	27.75	58.13	6.23	4.02	3.87
mud14.2021.12.X3	22.40 	7.86 	10.2	9.59 	9.80 	25.69	35.48387097	14.59325	0.713	0.09	1.454	0.834212161	27.75	58.13	6.23	4.02	3.87
mud14.2021.12.Z1	23.30 	7.90 	-96.2	7.52 	8.90 	29.38	38.86010363	13.66538136	0.727838983	0.086	1.669	0.995784572	30.34	62.62	5.65	1.39	0
mud14.2021.12.Z2	23.30 	7.90 	-111.8	7.52 	8.90 	29.38	38.86010363	13.66538136	0.727838983	0.086	1.669	0.995784572	30.34	62.62	5.65	1.39	0
mud14.2021.12.Z3	23.30 	7.90 	-115.7	7.52 	8.90 	29.38	38.86010363	13.66538136	0.727838983	0.086	1.669	0.995784572	30.34	62.62	5.65	1.39	0
mud15.2022.01.S1	23.50 	7.92 	-60.8	10.50 	6.70 	30.02	36.03082852	7.933509036	0.758177711	0.111	1.751	1.218011854	26.68	50.19	7.18	4.43	11.49
mud15.2022.01.S2	23.50 	7.92 	-63.3	10.50 	6.70 	30.02	36.03082852	7.933509036	0.758177711	0.111	1.751	1.218011854	26.68	50.19	7.18	4.43	11.49
mud15.2022.01.S3	23.50 	7.92 	-66.8	10.50 	6.70 	30.02	36.03082852	7.933509036	0.758177711	0.111	1.751	1.218011854	26.68	50.19	7.18	4.43	11.49
mud15.2022.01.X1	22.30 	8.07 	84.4	8.67 	7.60 	25.22	33.07332293	21.43390443	0.582727273	0.086	1.737	0.957235118	29.61	59.08	6.28	3.29	1.74
mud15.2022.01.X2	22.30 	8.07 	82.1	8.67 	7.60 	25.22	33.07332293	21.43390443	0.582727273	0.086	1.737	0.957235118	29.61	59.08	6.28	3.29	1.74
mud15.2022.01.X3	22.30 	8.07 	80.4	8.67 	7.60 	25.22	33.07332293	21.43390443	0.582727273	0.086	1.737	0.957235118	29.61	59.08	6.28	3.29	1.74
mud15.2022.01.Z1	22.30 	7.92 	33.4	9.51 	7.00 	36.14	39.48339483	25.19143293	0.69402439	0.109	1.636	1.066005561	32.92	60.95	4.49	1.59	0.05
mud15.2022.01.Z2	22.30 	7.92 	30.4	9.51 	7.00 	36.14	39.48339483	25.19143293	0.69402439	0.109	1.636	1.066005561	32.92	60.95	4.49	1.59	0.05
mud15.2022.01.Z3	22.30 	7.92 	28.4	9.51 	7.00 	36.14	39.48339483	25.19143293	0.69402439	0.109	1.636	1.066005561	32.92	60.95	4.49	1.59	0.05
mud16.2022.02.S1	21.90 	7.68 	-20.9	4.86 	20.20 	30.61	35.20833333	5.209003215	0.818006431	0.077	1.347	0.708405193	27.04	59.83	7.39	4.27	1.47
mud16.2022.02.S2	21.90 	7.69 	-20.9	4.90 	20.20 	30.61	35.20833333	5.209003215	0.818006431	0.077	1.347	0.708405193	27.04	59.83	7.39	4.27	1.47
mud16.2022.02.S3	21.98 	7.79 	-20.9	5.76 	20.20 	30.61	35.20833333	5.209003215	0.818006431	0.077	1.347	0.708405193	27.04	59.83	7.39	4.27	1.47
mud16.2022.02.X1	22.00 	7.96 	131.2	5.50 	18.70 	27.92	33.51800554	16.80154167	0.819770833	0.078	1.581	0.858418355	28.48	59.79	5.71	3.29	2.73
mud16.2022.02.X2	22.00 	7.97 	131.2	5.23 	18.80 	27.92	33.51800554	16.80154167	0.819770833	0.078	1.581	0.858418355	28.48	59.79	5.71	3.29	2.73
mud16.2022.02.X3	22.00 	7.96 	131.2	5.50 	18.80 	27.92	33.51800554	16.80154167	0.819770833	0.078	1.581	0.858418355	28.48	59.79	5.71	3.29	2.73
mud16.2022.02.Z1	22.30 	7.81 	123.1	6.50 	19.30 	26.56	35.03289474	10.48992405	0.63878481	0.098	1.427	0.919991784	28.92	59.19	7.35	3.77	0.77
mud16.2022.02.Z2	22.30 	7.82 	123.1	6.20 	19.30 	26.56	35.03289474	10.48992405	0.63878481	0.098	1.427	0.919991784	28.92	59.19	7.35	3.77	0.77
mud16.2022.02.Z3	22.20 	7.73 	123.1	6.30 	19.30 	26.56	35.03289474	10.48992405	0.63878481	0.098	1.427	0.919991784	28.92	59.19	7.35	3.77	0.77
mud17.2022.03.S1	22.20 	7.26 	-49.6	8.08 	14.00 	19.83	36.86440678	5.084295302	0.791946309	0.082	1.427	0.7633141	24.8	69.06	5.08	1.06	0
mud17.2022.03.S2	22.20 	7.26 	-49.6	8.08 	14.00 	19.83	36.86440678	5.084295302	0.791946309	0.082	1.427	0.7633141	24.8	69.06	5.08	1.06	0
mud17.2022.03.S3	22.20 	7.26 	-49.6	8.08 	14.00 	19.83	36.86440678	5.084295302	0.791946309	0.082	1.427	0.7633141	24.8	69.06	5.08	1.06	0
mud17.2022.03.X1	21.05 	7.93 	90.6	8.62 	14.40 	21.43	35.86337761	16.86244083	0.865340237	0.082	1.586	0.913507287	30.78	62.06	5.16	1.94	0.06
mud17.2022.03.X2	21.05 	7.93 	90.6	8.62 	14.40 	21.43	35.86337761	16.86244083	0.865340237	0.082	1.586	0.913507287	30.78	62.06	5.16	1.94	0.06
mud17.2022.03.X3	21.05 	7.93 	90.6	8.62 	14.40 	21.43	35.86337761	16.86244083	0.865340237	0.082	1.586	0.913507287	30.78	62.06	5.16	1.94	0.06
mud17.2022.03.Z1	20.71 	7.76 	45.6	6.47 	14.50 	25.33	37.75100402	12.78735484	0.666677419	0.109	1.613	0.940200127	30.3	62.37	4.99	2.17	0.17
mud17.2022.03.Z2	20.71 	7.76 	45.6	6.47 	14.50 	25.33	37.75100402	12.78735484	0.666677419	0.109	1.613	0.940200127	30.3	62.37	4.99	2.17	0.17
mud17.2022.03.Z3	20.71 	7.76 	45.6	6.47 	14.50 	25.33	37.75100402	12.78735484	0.666677419	0.109	1.613	0.940200127	30.3	62.37	4.99	2.17	0.17
mud18.2022.04.S1	19.74 	7.45 	-140.4	5.60 	23.20 	27.1	37.0221328	37.67990415	0.770111821	0.119	1.704	0.949154307	28.38	66.68	3.87	1.02	0.05
mud18.2022.04.S2	19.09 	7.51 	-140.4	5.48 	23.40 	27.1	37.0221328	37.67990415	0.770111821	0.119	1.704	0.949154307	28.38	66.68	3.87	1.02	0.05
mud18.2022.04.S3	19.02 	7.53 	-140.4	5.55 	23.40 	27.1	37.0221328	37.67990415	0.770111821	0.119	1.704	0.949154307	28.38	66.68	3.87	1.02	0.05
mud18.2022.04.X1	22.60 	7.82 	50.6	5.38 	21.90 	32.91	36.49373882	22.1001831	0.83456338	0.095	1.592	0.937914365	32.47	63.96	2.8	0.77	0
mud18.2022.04.X2	22.20 	7.83 	50.6	4.90 	21.90 	32.91	36.49373882	22.1001831	0.83456338	0.095	1.592	0.937914365	32.47	63.96	2.8	0.77	0
mud18.2022.04.X3	21.90 	7.84 	50.6	4.85 	21.90 	32.91	36.49373882	22.1001831	0.83456338	0.095	1.592	0.937914365	32.47	63.96	2.8	0.77	0
mud18.2022.04.Z1	19.38 	7.64 	-62.3	5.23 	25.70 	27.88	22.94117647	4.75610687	4.25	0.101	1.474	0.872768312	33.04	62.19	3.1	1.3	0.37
mud18.2022.04.Z2	18.95 	7.66 	-62.3	4.90 	25.70 	27.88	22.94117647	4.75610687	4.25	0.101	1.474	0.872768312	33.04	62.19	3.1	1.3	0.37
mud18.2022.04.Z3	18.45 	7.68 	-62.3	4.72 	26.00 	27.88	22.94117647	4.75610687	4.25	0.101	1.474	0.872768312	33.04	62.19	3.1	1.3	0.37
mud19.2022.05.S1	18.58 	7.41 	-49.6	6.33 	25.60 	25.1	39.90610329	6.897539063	1.040039063	0.099	1.487	0.758375611	29.93	67.88	1.31	0.83	0.05
mud19.2022.05.S2	18.58 	7.41 	-49.6	6.33 	25.60 	25.1	39.90610329	6.897539063	1.040039063	0.099	1.487	0.758375611	29.93	67.88	1.31	0.83	0.05
mud19.2022.05.S3	18.58 	7.41 	-49.6	6.33 	25.60 	25.1	39.90610329	6.897539063	1.040039063	0.099	1.487	0.758375611	29.93	67.88	1.31	0.83	0.05
mud19.2022.05.X1	18.29 	7.57 	206.7	6.26 	25.50 	22.47	31.99268739	8.75641129	0.801384409	0.076	1.419	0.932592129	29.8	57.34	6.86	4.43	1.57
mud19.2022.05.X2	18.29 	7.57 	206.7	6.26 	25.50 	22.47	31.99268739	8.75641129	0.801384409	0.076	1.419	0.932592129	29.8	57.34	6.86	4.43	1.57
mud19.2022.05.X3	18.29 	7.57 	206.7	6.26 	25.50 	22.47	31.99268739	8.75641129	0.801384409	0.076	1.419	0.932592129	29.8	57.34	6.86	4.43	1.57
mud19.2022.05.Z1	17.87 	7.29 	213	6.26 	25.60 	21.59	37.32394366	9.748539326	1.092921348	0.082	1.648	0.965398878	27.75	57.63	9.55	3.16	1.91
mud19.2022.05.Z2	17.87 	7.29 	213	6.26 	25.60 	21.59	37.32394366	9.748539326	1.092921348	0.082	1.648	0.965398878	27.75	57.63	9.55	3.16	1.91
mud19.2022.05.Z3	17.87 	7.29 	213	6.26 	25.60 	21.59	37.32394366	9.748539326	1.092921348	0.082	1.648	0.965398878	27.75	57.63	9.55	3.16	1.91
mud20.2022.06.S1	23.50 	7.14 	168.10 	3.82 	34.70 	24.49	40.03831418	6.821022364	1.325846645	0.073	1.486	0.77502531	30.09	65.65	3.24	1.02	0
mud20.2022.06.S2	23.80 	7.39 	168.10 	4.10 	34.20 	24.49	40.03831418	6.821022364	1.325846645	0.073	1.486	0.77502531	30.09	65.65	3.24	1.02	0
mud20.2022.06.S3	23.90 	7.40 	168.10 	4.10 	34.20 	24.49	40.03831418	6.821022364	1.325846645	0.073	1.486	0.77502531	30.09	65.65	3.24	1.02	0
mud20.2022.06.X1	24.00 	7.85 	198.20 	5.02 	32.70 	24.24	36.61360347	12.38436073	0.962351598	0.09	1.625	0.965922564	30.1	61.35	5.6	2.49	0.46
mud20.2022.06.X2	24.00 	7.84 	198.20 	5.02 	32.80 	24.24	36.61360347	12.38436073	0.962351598	0.09	1.625	0.965922564	30.1	61.35	5.6	2.49	0.46
mud20.2022.06.X3	24.10 	7.84 	198.20 	5.15 	32.80 	24.24	36.61360347	12.38436073	0.962351598	0.09	1.625	0.965922564	30.1	61.35	5.6	2.49	0.46
mud20.2022.06.Z1	23.60 	7.61 	160.80 	4.28 	33.50 	21.06	36.51315789	13.26259067	1.110466321	0.106	1.665	0.981867319	28.52	60.71	8.38	2.39	0
mud20.2022.06.Z2	23.60 	7.60 	160.80 	4.34 	33.50 	21.06	36.51315789	13.26259067	1.110466321	0.106	1.665	0.981867319	28.52	60.71	8.38	2.39	0
mud20.2022.06.Z3	23.60 	7.59 	160.80 	4.28 	33.50 	21.06	36.51315789	13.26259067	1.110466321	0.106	1.665	0.981867319	28.52	60.71	8.38	2.39	0
mud21.2022.07.S1	33.40 	7.50 	458.40 	5.43 	33.80 	23.93	41.20171674	7.755328467	1.105474453	0.109	1.499	0.760241699	31.73	67	1.27	0	0
mud21.2022.07.S2	33.90 	7.50 	437.50 	5.45 	33.30 	23.93	41.20171674	7.755328467	1.105474453	0.109	1.499	0.760241699	31.73	67	1.27	0	0
mud21.2022.07.S3	33.60 	7.51 	558.60 	5.53 	33.10 	23.93	41.20171674	7.755328467	1.105474453	0.109	1.499	0.760241699	31.73	67	1.27	0	0
mud21.2022.07.X1	29.30 	7.76 	552.50 	5.37 	33.30 	29.68	38.07017544	18.37563739	1.017280453	0.1	1.636	1.10283358	29.02	62.81	6.02	2.08	0.07
mud21.2022.07.X2	29.20 	7.76 	474.10 	5.30 	33.40 	29.68	38.07017544	18.37563739	1.017280453	0.1	1.636	1.10283358	29.02	62.81	6.02	2.08	0.07
mud21.2022.07.X3	29.20 	7.76 	496.20 	5.33 	33.20 	29.68	38.07017544	18.37563739	1.017280453	0.1	1.636	1.10283358	29.02	62.81	6.02	2.08	0.07
mud21.2022.07.Z1	31.60 	7.50 	535.60 	5.41 	33.00 	29.37	38.23529412	13.22761905	1.335714286	0.096	1.527	0.897478478	29.36	62.88	5.16	2.22	0.38
mud21.2022.07.Z2	31.60 	7.50 	523.70 	5.41 	32.80 	29.37	38.23529412	13.22761905	1.335714286	0.096	1.527	0.897478478	29.36	62.88	5.16	2.22	0.38
mud21.2022.07.Z3	31.40 	7.50 	501.00 	5.30 	32.70 	29.37	38.23529412	13.22761905	1.335714286	0.096	1.527	0.897478478	29.36	62.88	5.16	2.22	0.38
mud22.2022.08.S1	39.40 	7.59 	170.80 	4.77 	39.20 	30.56	42.95612009	1.709210526	1.639089069	0.09	1.487	0.844057472	31.95	66.68	1.37	0	0
mud22.2022.08.S2	39.40 	7.59 	170.80 	4.77 	39.20 	30.56	42.95612009	1.709210526	1.639089069	0.09	1.487	0.844057472	31.95	66.68	1.37	0	0
mud22.2022.08.S3	39.40 	7.59 	170.80 	4.77 	39.20 	30.56	42.95612009	1.709210526	1.639089069	0.09	1.487	0.844057472	31.95	66.68	1.37	0	0
mud22.2022.08.X1	41.70 	7.61 	123.70 	4.02 	37.80 	29.14	36.97478992	1.443866667	1.316933333	0.095	1.631	0.888230286	29.28	55.71	6.93	5.78	2.3
mud22.2022.08.X2	41.70 	7.61 	123.70 	4.02 	37.80 	29.14	36.97478992	1.443866667	1.316933333	0.095	1.631	0.888230286	29.28	55.71	6.93	5.78	2.3
mud22.2022.08.X3	41.70 	7.61 	123.70 	4.02 	37.80 	29.14	36.97478992	1.443866667	1.316933333	0.095	1.631	0.888230286	29.28	55.71	6.93	5.78	2.3
mud22.2022.08.Z1	36.10 	7.44 	180.70 	4.11 	37.90 	27.06	39.93610224	2.38912234	1.406835106	0.105	1.545	0.93658615	28.84	65.57	4.26	1.29	0.04
mud22.2022.08.Z2	36.10 	7.44 	180.70 	4.11 	37.90 	27.06	39.93610224	2.38912234	1.406835106	0.105	1.545	0.93658615	28.84	65.57	4.26	1.29	0.04
mud22.2022.08.Z3	36.10 	7.44 	180.70 	4.11 	37.90 	27.06	39.93610224	2.38912234	1.406835106	0.105	1.545	0.93658615	28.84	65.57	4.26	1.29	0.04
mud23.2022.09.S1	27.20 	7.44 	-75.5	4.26 	26.90 	29.63	42.5093633	7.35771987	1.08713355	0.091	1.493	0.904639508	29.18	66.51	3.7	0.61	0
mud23.2022.09.S2	27.20 	7.44 	-75.5	4.26 	26.90 	29.63	42.5093633	7.35771987	1.08713355	0.091	1.493	0.904639508	29.18	66.51	3.7	0.61	0
mud23.2022.09.S3	27.20 	7.44 	-75.5	4.26 	26.90 	29.63	42.5093633	7.35771987	1.08713355	0.091	1.493	0.904639508	29.18	66.51	3.7	0.61	0
mud23.2022.09.X1	23.70 	7.72 	-35	4.99 	27.10 	28.82	36.15384615	17.0253012	0.908433735	0.09	1.634	0.964274491	31.87	61.61	4.07	1.77	0.68
mud23.2022.09.X2	23.70 	7.72 	-35	4.99 	27.10 	28.82	36.15384615	17.0253012	0.908433735	0.09	1.634	0.964274491	31.87	61.61	4.07	1.77	0.68
mud23.2022.09.X3	23.70 	7.72 	-35	4.99 	27.10 	28.82	36.15384615	17.0253012	0.908433735	0.09	1.634	0.964274491	31.87	61.61	4.07	1.77	0.68
mud23.2022.09.Z1	24.90 	7.63 	-64.6	4.49 	26.70 	28.48	38.73239437	12.81264368	0.979310345	0.082	1.672	0.956052396	30.96	61.29	4.82	2.23	0.7
mud23.2022.09.Z2	24.90 	7.63 	-64.6	4.49 	26.70 	28.48	38.73239437	12.81264368	0.979310345	0.082	1.672	0.956052396	30.96	61.29	4.82	2.23	0.7
mud23.2022.09.Z3	24.90 	7.63 	-64.6	4.49 	26.70 	28.48	38.73239437	12.81264368	0.979310345	0.082	1.672	0.956052396	30.96	61.29	4.82	2.23	0.7
mud24.2022.10.S1	27.10 	7.47 	-119.4	5.38 	20.00 	26.5	42.56756757	5.362823529	1.096941176	0.075	1.518	0.813777416	31.05	65.76	2.81	0.38	0
mud24.2022.10.S2	27.10 	7.47 	-119.4	5.38 	20.00 	26.5	42.56756757	5.362823529	1.096941176	0.075	1.518	0.813777416	31.05	65.76	2.81	0.38	0
mud24.2022.10.S3	27.10 	7.47 	-119.4	5.38 	20.00 	26.5	42.56756757	5.362823529	1.096941176	0.075	1.518	0.813777416	31.05	65.76	2.81	0.38	0
mud24.2022.10.X1	24.10 	7.74 	-93.1	5.77 	19.70 	28.86	39.08045977	21.93056604	1.263962264	0.097	1.48	0.907175176	31.74	63.77	3.3	1.19	0
mud24.2022.10.X2	24.10 	7.74 	-93.1	5.77 	19.70 	28.86	39.08045977	21.93056604	1.263962264	0.097	1.48	0.907175176	31.74	63.77	3.3	1.19	0
mud24.2022.10.X3	24.10 	7.74 	-93.1	5.77 	19.70 	28.86	39.08045977	21.93056604	1.263962264	0.097	1.48	0.907175176	31.74	63.77	3.3	1.19	0
mud24.2022.10.Z1	26.00 	7.60 	-132.9	5.01 	20.00 	31.68	37.74509804	14.15149606	0.811181102	0.087	1.641	0.986846118	33.5	64.04	2.45	0.01	0
mud24.2022.10.Z2	26.00 	7.60 	-132.9	5.01 	20.00 	31.68	37.74509804	14.15149606	0.811181102	0.087	1.641	0.986846118	33.5	64.04	2.45	0.01	0
mud24.2022.10.Z3	26.00 	7.60 	-132.9	5.01 	20.00 	31.68	37.74509804	14.15149606	0.811181102	0.087	1.641	0.986846118	33.5	64.04	2.45	0.01	0
