	mud01.2020.11.X1	mud01.2020.11.X2	mud01.2020.11.X3	mud02.2020.12.X1	mud02.2020.12.X2	mud02.2020.12.X3	mud03.2021.01.X1	mud03.2021.01.X2	mud03.2021.01.X3	mud04.2021.02.X1	mud04.2021.02.X2	mud04.2021.02.X3	mud05.2021.03.X1	mud05.2021.03.X2	mud05.2021.03.X3	mud06.2021.04.X1	mud06.2021.04.X2	mud06.2021.04.X3	mud07.2021.05.X1	mud07.2021.05.X2	mud07.2021.05.X3	mud08.2021.06.X1	mud08.2021.06.X2	mud08.2021.06.X3	mud09.2021.07.X1	mud09.2021.07.X2	mud09.2021.07.X3	mud10.2021.08.X1	mud10.2021.08.X2	mud10.2021.08.X3	mud11.2021.09.X1	mud11.2021.09.X2	mud11.2021.09.X3	mud12.2021.10.X1	mud12.2021.10.X2	mud12.2021.10.X3	mud13.2021.11.X1	mud13.2021.11.X2	mud13.2021.11.X3	mud14.2021.12.X1	mud14.2021.12.X2	mud14.2021.12.X3	mud15.2022.01.X1	mud15.2022.01.X2	mud15.2022.01.X3	mud16.2022.02.X1	mud16.2022.02.X2	mud16.2022.02.X3	mud17.2022.03.X1	mud17.2022.03.X2	mud17.2022.03.X3	mud18.2022.04.X1	mud18.2022.04.X2	mud18.2022.04.X3	mud19.2022.05.X1	mud19.2022.05.X2	mud19.2022.05.X3	mud20.2022.06.X1	mud20.2022.06.X2	mud20.2022.06.X3	mud21.2022.07.X1	mud21.2022.07.X2	mud21.2022.07.X3	mud22.2022.08.X1	mud22.2022.08.X2	mud22.2022.08.X3	mud23.2022.09.X1	mud23.2022.09.X2	mud23.2022.09.X3	mud24.2022.10.X1	mud24.2022.10.X2	mud24.2022.10.X3
ce86b13da74f42f8a993df6a410207f6	0	0	0	0	4	0	4	0	0	0	0	0	13	8	0	8	6	0	13	8	9	36	38	35	11	16	19	14	15	12	27	20	14	0	0	0	6	7	0	0	6	0	0	0	0	0	0	5	8	5	4	36	49	41	28	35	19	12	42	18	7	9	18	4	2	4	15	7	6	0	10	0
bf053fdc9bbcfbdefd1ee4efa7fdcc30	0	0	0	8	2	2	3	0	9	10	10	13	12	13	8	9	3	8	0	0	0	0	0	0	0	0	0	0	1	4	0	0	0	13	17	11	13	8	0	2	3	6	0	13	19	10	12	6	6	0	4	3	4	0	0	4	2	0	0	0	0	1	2	17	11	8	0	3	4	0	4	0
ae3fab4b6cd1dfc3bedf39108cca954e	0	0	0	8	0	0	19	22	0	33	31	31	6	16	16	0	10	0	0	4	0	0	0	0	0	0	0	0	0	0	0	0	0	35	28	26	50	26	35	30	13	16	24	27	24	0	14	16	10	0	0	0	11	0	0	6	0	0	0	0	0	0	0	26	24	21	0	0	0	0	0	0
80a73782353d76bcbed6c59e42be767f	3	3	0	0	6	6	9	22	17	8	29	27	6	0	5	38	30	33	18	13	19	2	0	0	0	0	0	0	1	4	4	0	8	28	28	21	26	35	23	17	8	17	30	26	20	14	20	11	6	7	0	0	12	6	0	0	0	0	0	0	0	0	0	0	15	0	0	5	0	0	4	0
5b137ffa2288db640274d867eb59d4c1	0	0	0	0	0	3	0	17	12	17	27	21	0	10	0	13	15	15	0	0	0	0	0	0	0	0	0	0	0	0	6	0	0	12	16	14	17	28	29	5	10	19	18	15	15	13	18	12	3	0	0	0	0	0	0	0	0	0	4	0	0	2	0	0	0	0	0	0	0	0	1	0
2f1a23135cc4be9ac1d525c73bc5ff88	6	10	6	0	2	0	6	0	0	5	0	0	0	0	1	7	0	3	0	0	0	0	0	0	0	0	0	0	0	0	0	0	0	5	0	9	0	0	9	4	0	0	16	10	21	3	2	7	0	0	0	0	1	0	0	0	0	0	0	0	0	0	0	0	0	0	0	0	0	0	0	0
4c060a7f2d8dde8d940c6fcdeb041043	0	10	15	14	0	0	18	9	0	25	27	36	17	31	13	33	28	16	0	6	0	0	0	5	12	4	10	0	9	4	0	0	8	34	56	37	24	35	25	35	39	43	55	43	49	21	30	34	7	15	16	0	17	0	0	14	15	0	0	0	0	5	0	34	35	36	4	0	6	3	11	8
367d51ce0123e566549947086a640aa1	0	2	7	2	6	4	5	0	12	6	0	0	8	7	15	3	0	0	0	0	0	0	0	0	0	0	1	0	0	0	0	0	0	4	9	11	5	0	5	7	15	6	19	16	18	0	0	9	0	11	4	0	4	5	0	1	3	0	0	0	3	0	4	10	5	4	3	1	0	0	0	3
38a29925fb149b7aa6fdc3eef108fa89	0	0	1	0	0	3	0	7	8	0	4	13	0	6	10	7	7	9	0	5	0	0	0	0	0	0	0	0	2	6	3	0	0	12	0	14	0	0	11	5	11	10	9	0	19	7	4	3	1	0	3	0	2	7	0	0	3	0	0	0	0	0	0	18	4	4	0	3	0	0	0	3
7269d09b3dab62a0b772127a3e3992a8	26	25	21	9	2	0	22	61	39	52	121	66	14	24	6	37	18	16	6	10	11	0	0	0	0	0	0	0	0	2	5	10	11	33	22	14	19	15	16	27	20	25	23	27	19	39	33	19	7	0	0	0	15	14	3	4	2	0	0	0	0	1	1	7	0	0	13	12	6	4	3	0
c0c1202c42ec0bb97c3519b230cd9ed8	0	0	0	0	0	0	5	0	0	0	0	0	0	0	0	0	0	0	12	7	8	9	11	10	8	14	17	23	17	21	18	24	14	2	0	0	0	0	0	0	0	0	0	0	0	0	0	0	0	0	0	0	5	0	0	5	3	3	4	2	14	16	18	0	0	3	38	37	38	0	0	0
9e611df1e0d2dc05557a15a167b2e8af	9	6	8	5	9	6	7	8	10	31	12	23	9	8	7	54	34	27	6	3	4	0	0	0	0	0	0	0	5	0	0	0	0	16	15	22	23	28	22	10	13	9	28	25	14	16	17	21	10	6	6	0	9	8	0	0	2	0	3	0	0	0	0	9	0	0	0	4	0	0	0	0
1f5f5d5ea4c1d18930843d072bad1053	14	22	32	6	5	5	0	0	8	0	13	0	0	0	4	6	0	0	0	0	0	0	0	0	0	0	0	0	0	0	0	0	7	0	0	0	0	11	0	0	0	0	0	8	0	10	0	0	0	5	0	0	0	0	0	0	0	0	0	0	0	0	1	0	0	0	0	0	0	0	0	0
c7952cc4e657ef3344fe649d23322c3d	3	0	0	11	10	14	16	16	29	21	26	45	11	9	12	3	24	28	0	18	26	0	2	0	0	0	3	0	0	1	4	0	13	16	18	27	26	20	26	6	13	18	14	18	19	36	18	23	0	0	0	15	2	4	0	10	6	0	0	0	0	2	0	7	5	13	0	3	5	0	0	0
218e3ce596dd0e315947db0b7b15e64a	29	44	39	56	54	68	84	52	70	83	71	72	112	109	90	52	45	48	21	17	9	15	15	15	15	10	22	8	21	11	9	19	20	179	229	194	109	151	115	109	129	118	141	189	133	105	116	108	29	26	28	33	44	43	25	24	29	8	14	9	24	12	18	105	113	109	27	26	13	12	20	17
320aef0856ae448ac998d1783aa3eeb0	12	15	0	4	2	7	17	16	16	22	26	19	0	9	5	10	12	9	0	0	6	0	0	0	0	0	0	0	0	0	5	0	0	9	17	15	0	9	0	11	18	18	10	11	0	7	10	7	0	0	0	0	8	5	0	4	0	0	1	0	0	1	0	0	8	4	0	2	0	0	0	0
3b1062c9af9341cfb93d472dbe58c137	96	63	86	93	84	92	147	95	131	233	154	175	73	71	74	171	141	124	40	44	38	14	7	0	22	20	11	16	12	13	26	27	19	198	192	144	155	182	204	113	84	103	186	149	126	127	132	127	15	21	14	20	25	26	13	17	9	6	10	8	11	5	3	107	94	52	12	22	8	6	8	11
96e9a02e2cea0ad62f79522ee98fc38d	3	6	7	2	0	6	3	7	16	6	5	11	1	11	13	22	23	14	4	2	10	0	0	0	0	0	6	0	0	0	5	0	7	7	6	12	12	9	14	0	0	7	5	16	10	8	5	9	0	2	7	0	2	0	0	1	1	0	1	0	0	0	0	1	3	3	0	1	0	0	2	2
96dfef8b2ea129f666e52ad6fc44ad95	16	13	0	0	0	0	14	0	0	11	18	10	5	0	0	22	25	14	0	0	0	0	0	0	0	0	0	0	0	0	0	0	0	9	0	0	11	0	0	14	14	11	37	25	31	33	28	22	0	0	0	9	7	0	0	0	0	0	0	0	0	0	0	0	0	0	0	0	0	0	0	0
fde8e84cce41b1ce4694d7b9a136fed0	0	0	0	13	13	29	34	27	27	23	23	31	24	44	39	16	25	41	0	0	0	5	0	0	0	0	0	0	0	3	0	0	0	22	40	43	22	40	49	25	25	32	45	38	29	33	30	29	15	11	0	12	11	17	0	0	4	0	0	0	2	0	0	17	10	20	0	0	6	0	0	7
032f1fba2452b0c1946689865c0bf7c2	2	0	0	0	0	0	0	10	0	14	9	10	2	0	0	5	0	0	0	0	2	0	0	0	0	1	0	0	0	0	0	0	0	13	14	0	8	0	12	7	3	0	7	0	8	0	0	0	0	0	0	0	0	0	0	0	0	0	0	0	0	0	0	0	5	8	0	9	0	0	3	0
c3e2e759ecd28c3a13cdccf6ef651ec4	0	18	11	0	0	25	24	0	0	20	21	29	0	33	21	45	0	20	0	36	0	0	0	0	0	0	0	0	7	0	0	14	0	0	47	26	0	20	43	54	0	0	0	37	0	0	39	42	44	44	59	11	0	28	0	23	0	0	2	0	0	19	0	0	0	0	0	0	0	0	0	0
390ee9227c3fc5cea861fbd3a7a31e05	0	82	99	0	61	152	0	154	156	154	228	265	0	96	140	123	201	185	0	87	57	0	0	0	0	0	0	0	0	0	0	0	0	123	110	203	210	203	250	0	46	100	333	119	219	166	114	155	23	0	0	0	57	129	0	0	0	0	0	0	0	0	0	0	0	0	0	0	0	0	0	0
e6901575bf8db0a99ac9d74f4671ff72	0	11	0	7	0	5	11	0	13	14	12	0	12	16	8	7	18	0	6	0	0	0	0	0	2	0	0	0	0	0	0	0	0	20	0	26	17	16	0	21	25	33	37	19	32	16	14	16	10	13	14	0	8	10	0	3	6	0	0	0	0	0	0	0	18	20	0	0	0	0	0	5
da20979e0d9d98ad713a5347ea459fe2	22	12	23	20	9	24	48	34	44	104	95	79	29	30	42	84	47	75	20	16	14	0	0	0	0	0	5	0	6	0	11	18	14	56	55	59	62	81	55	62	54	37	101	126	100	97	98	103	8	10	8	20	27	16	0	5	8	0	11	0	0	9	0	29	29	19	0	0	0	0	0	0
56b3922236e03dbd6ab6e3e70067dad8	228	254	256	99	106	145	105	212	163	165	310	296	60	58	52	62	81	70	26	47	52	4	0	4	12	20	26	19	22	15	25	46	44	72	100	67	142	167	151	116	143	138	161	149	121	164	215	189	7	11	6	51	91	59	0	16	16	9	15	6	0	6	0	6	14	12	9	17	9	15	8	6
58b61ab2faf46b2e723b61cb75d41d73	20	31	39	39	49	74	37	40	58	138	134	162	29	22	20	19	20	21	14	17	9	6	7	6	8	6	10	8	4	11	11	16	11	51	58	72	42	24	46	39	35	54	91	78	101	37	45	56	4	4	6	15	18	20	8	11	11	0	10	6	0	0	0	24	30	30	0	10	6	0	0	0
cdf3aa25ca4fc0de78a1ccc57f5adac7	0	7	12	0	0	0	19	16	17	29	33	20	13	25	15	26	30	23	0	0	0	0	0	0	0	0	0	0	8	3	0	0	16	17	0	0	29	23	25	13	17	14	0	34	28	15	32	17	5	0	0	7	0	0	0	0	0	0	0	0	0	0	0	0	0	0	0	0	0	0	0	0
8314dba195ac5d57636c5d0468ecb29f	0	0	0	0	4	8	0	16	12	24	24	17	4	8	0	3	0	5	0	0	8	0	0	0	0	0	0	0	0	2	0	0	5	0	8	0	0	7	0	0	0	9	11	0	6	5	4	6	0	0	0	0	0	0	0	0	0	0	0	0	0	0	0	4	7	0	0	0	0	0	0	0
f3039867ac3be3ce55cfc9ef1af583c5	0	0	0	0	1	0	0	8	16	0	0	18	20	13	24	9	6	19	0	0	2	0	0	1	0	0	0	0	0	2	2	0	7	11	13	19	12	8	10	0	0	7	10	11	13	4	4	14	0	3	0	0	7	3	0	2	0	0	0	0	4	1	2	0	0	10	5	4	4	4	4	6
cd15b3f73455ae4eb12ae69f7e74be9e	20	13	27	8	15	24	15	20	20	21	25	22	13	21	16	42	29	21	26	11	0	0	0	4	12	14	13	0	0	0	7	0	16	33	52	24	39	35	41	26	17	16	34	38	31	22	25	32	3	2	6	14	3	0	0	4	0	0	0	0	0	0	0	19	0	15	0	0	0	0	0	12
d55fbabb20f2175fef4d49b979b93cf5	0	0	2	1	3	13	16	19	10	16	12	23	0	11	12	6	0	11	0	0	2	0	0	0	0	0	0	0	0	0	0	0	0	23	29	19	24	24	15	0	8	13	21	0	30	0	5	9	4	7	0	0	6	0	0	0	5	0	0	0	0	0	0	17	0	16	8	0	0	0	0	0
7165208b0fa231835287f1978e2f935a	77	70	56	77	85	73	124	144	94	189	150	156	334	314	332	144	109	90	0	26	11	45	43	34	0	39	0	31	21	48	32	25	0	378	366	301	271	389	429	232	271	268	518	509	424	249	285	296	45	52	51	55	57	63	75	80	63	0	31	19	31	41	22	176	194	192	0	52	62	27	51	59
d3f6a9e2b2317f2185700e25c68bc141	192	140	97	68	46	37	191	210	192	265	253	225	218	210	182	228	176	151	125	48	46	31	50	31	51	20	31	23	45	26	52	61	56	249	208	213	160	117	136	172	104	99	222	241	185	85	142	95	44	50	39	50	45	57	26	31	43	0	4	0	29	29	31	171	158	130	33	40	36	25	23	0
8c4052a2fc056c33c458c3fcf412ea16	16	10	11	10	13	6	6	6	4	16	9	9	13	20	14	13	0	0	0	0	0	0	0	0	0	0	0	0	0	0	0	0	0	24	24	16	12	25	9	10	27	12	16	23	16	10	16	17	0	4	4	0	12	0	0	2	1	0	3	0	0	0	0	15	8	0	0	2	0	0	0	1
919391e8ecf220e459ce0ceb45c47428	10	10	0	0	0	0	12	20	24	18	22	21	75	64	82	8	16	9	17	19	12	7	0	0	0	8	0	0	0	0	0	0	0	0	0	24	11	0	0	10	16	0	0	17	0	12	0	23	0	14	9	12	15	21	0	6	0	0	17	8	0	0	0	10	0	14	0	0	0	0	0	0
889971fa0e76f17ebd0eb689fbc8d1d2	0	0	0	0	6	0	7	4	14	8	13	15	25	21	25	19	12	16	0	0	3	0	0	1	0	0	0	0	0	5	0	5	6	24	17	21	14	8	15	0	5	5	17	13	19	6	3	13	5	3	7	0	6	3	0	0	0	0	0	0	2	0	1	5	7	5	0	4	5	0	0	1
8b3da0b08ab1ef7ac57973ce14db392b	0	0	0	0	3	0	17	18	0	8	16	0	19	11	19	0	7	10	3	6	0	0	0	2	0	0	3	0	3	0	8	0	0	11	25	21	22	12	13	0	9	9	22	14	20	10	17	12	0	5	4	1	6	0	0	4	0	1	1	3	3	2	0	17	20	13	0	9	0	3	12	5
2f4c78382fef624c1a4ada34c2c05bf7	20	35	54	22	18	15	23	87	147	42	56	83	127	361	405	35	42	78	8	9	15	4	0	2	0	2	16	3	0	10	6	11	19	67	67	108	54	35	42	47	50	101	77	36	71	73	54	82	15	38	52	30	28	29	8	10	13	0	3	0	12	4	10	33	27	23	17	8	8	7	12	11
3ad96357c335b7d5b457cb6cbd507b05	0	10	4	12	18	20	15	16	8	17	35	41	5	17	13	19	19	20	0	5	3	0	0	0	0	0	4	0	0	1	0	6	3	21	38	34	16	11	14	11	11	16	12	14	20	18	17	17	3	3	2	0	10	8	0	1	0	3	2	5	0	1	0	8	6	12	0	3	2	0	0	0
4417a775b0d83142e7f49ad86d2e0ab0	0	0	0	0	0	0	12	22	13	0	27	19	0	0	18	18	20	29	13	0	0	0	0	0	0	0	0	0	0	0	0	0	0	22	0	0	25	18	20	17	19	14	33	21	21	0	16	0	0	0	13	0	11	0	0	12	0	0	0	0	0	0	0	7	18	20	7	8	9	0	0	0
45e5ca08a4a3b2f084443a0462d22954	5	1	0	0	6	2	17	9	14	34	28	25	9	7	12	16	15	6	9	3	4	4	0	0	0	0	2	3	0	0	0	5	4	14	15	12	20	27	12	12	6	9	16	0	22	9	17	7	1	6	0	0	0	4	0	5	0	0	2	0	0	0	0	10	13	7	0	0	6	0	0	5
01b4579ddb7afd37d7307473a3d11deb	10	11	8	7	9	0	10	10	18	19	18	19	9	7	13	20	25	16	0	0	2	0	1	0	0	0	0	0	3	0	4	0	3	17	22	0	11	10	7	13	13	4	37	45	27	17	24	20	4	5	0	12	13	13	0	0	0	0	1	0	0	2	3	7	10	0	0	2	1	0	0	0
9325bc10d75275a072343b0fc6da458d	0	0	0	0	0	3	16	46	32	47	52	65	0	4	12	0	15	4	0	14	0	0	0	0	0	0	0	0	0	0	12	0	7	28	20	27	21	13	0	7	4	10	0	14	15	21	4	17	1	0	0	0	2	0	4	6	0	0	0	0	0	0	0	0	13	14	20	18	13	0	6	4
45c1675f5b41df0ea865caf13958b04a	0	0	0	0	0	17	11	0	31	0	10	38	0	10	13	13	17	57	0	5	0	0	0	0	0	0	6	0	0	8	12	12	13	0	10	29	25	22	55	11	13	20	38	6	42	14	24	33	0	8	0	10	13	22	0	0	0	0	0	0	0	5	8	9	0	14	0	10	0	6	6	5
7bd8ad9354ad31231bde1fe574ebccd6	0	0	0	0	0	0	9	0	24	33	9	24	33	36	40	0	0	15	23	8	0	0	0	0	0	0	0	0	0	0	0	0	0	0	0	0	0	38	0	0	17	0	0	24	0	21	47	36	22	43	29	12	23	23	16	21	16	0	9	0	0	0	0	19	14	0	0	17	0	0	15	0
6e229425aba996f92ff6993c14d08fcc	0	0	0	0	0	0	10	6	0	6	0	0	0	4	0	24	9	0	0	0	0	0	0	0	0	0	0	0	0	0	0	0	0	6	0	0	11	9	17	0	0	11	16	0	0	10	8	8	0	3	0	0	0	0	0	0	0	0	0	0	0	0	0	8	0	0	0	11	0	0	3	0
6817f5b6fc5945074c57039b279dc0be	0	3	3	0	3	6	18	42	54	34	73	105	0	15	21	182	221	247	13	28	44	4	0	0	0	4	6	3	0	3	13	12	26	11	11	21	62	76	101	26	23	45	64	24	53	77	60	72	3	12	10	0	4	23	0	0	1	0	4	2	0	1	0	11	5	10	11	4	5	5	8	10
c3718ff904726d51987dd6497a7c9565	39	18	18	17	23	29	83	93	59	77	80	74	139	145	132	20	24	45	1959	2109	2318	456	435	437	126	169	162	171	191	198	134	161	122	47	53	37	69	30	52	44	23	42	22	45	39	44	55	66	298	385	434	221	236	218	395	440	438	505	439	356	55	84	85	41	75	63	135	168	137	174	229	236
c3e41e9bea223becbc970da10e16d006	0	0	0	0	0	0	0	3	0	0	5	8	4	2	0	5	9	0	0	0	0	0	0	0	0	0	0	0	0	0	0	0	0	6	4	0	1	0	0	6	0	5	17	0	11	3	3	7	0	0	2	2	2	0	0	0	0	0	0	0	0	0	0	0	1	4	0	0	0	0	0	0
208ab770a6016b93ff8148bc776b19ed	41	33	44	6	8	12	23	24	20	23	35	24	24	21	13	22	30	25	12	18	8	0	0	4	0	4	0	0	0	0	0	0	0	29	28	21	13	20	16	21	21	16	20	28	19	12	23	16	34	31	48	4	0	0	11	9	10	0	5	0	0	3	0	13	18	7	0	3	0	5	0	0
f95e395a6468be8b5197bf5322606678	43	52	71	12	10	10	19	28	23	18	25	28	9	17	12	22	17	25	0	5	5	0	0	0	0	4	6	0	4	2	3	5	9	16	28	13	18	21	17	33	28	19	66	55	45	57	64	56	4	0	6	0	15	14	0	3	0	0	9	1	0	2	5	0	5	8	3	3	0	0	0	0
a790b1517f157c8034c628dd71bd401b	65	63	62	55	27	30	155	99	118	277	257	210	72	83	78	141	166	156	25	44	29	0	0	0	0	12	21	11	19	24	20	25	28	83	104	83	222	236	193	137	94	101	165	239	169	283	284	272	12	14	13	79	89	73	0	12	12	0	11	15	0	11	9	17	23	31	0	7	0	0	5	1
71d7447359512b1601b42cb5af4711f8	176	99	103	106	90	80	264	204	235	493	434	389	257	256	217	642	519	423	112	96	76	47	17	38	37	30	41	36	33	31	78	82	70	512	389	382	482	377	342	295	161	146	411	491	410	219	227	265	78	87	77	49	55	29	28	29	27	17	14	26	23	32	17	370	303	259	36	41	37	25	20	24
380c1829a14872ebe722a14104b572bc	10	8	15	0	5	3	15	14	19	29	29	16	53	49	53	19	20	7	9	6	0	0	0	0	0	0	0	0	3	0	0	0	0	16	17	22	20	23	24	7	17	12	21	19	22	8	22	21	0	0	9	0	7	0	3	0	0	0	1	0	0	6	0	15	0	11	0	4	7	0	8	2
a1e8ee6fbbb276eb3e52debc3d5302d9	0	3	7	9	0	12	100	89	81	111	106	130	22	0	27	57	74	61	71	44	74	0	10	10	0	13	10	0	0	7	20	17	28	16	19	26	111	151	150	20	23	31	37	48	43	52	48	38	7	6	5	7	0	0	0	6	0	0	0	0	0	7	0	15	13	24	7	0	5	0	6	9
7d42bd824f724cd28c71fc4ad1574f79	0	0	0	32	0	44	116	123	97	121	154	135	63	110	100	71	53	56	36	0	29	14	9	17	0	20	0	29	44	38	40	55	0	176	166	151	145	132	129	171	124	134	139	108	141	137	108	129	42	58	35	71	74	72	49	54	75	15	22	18	19	25	28	141	103	131	48	43	30	19	35	44
fdc3582dff0900e976e7bb556df8dd81	0	0	0	11	12	0	12	21	0	0	0	0	0	18	18	20	0	12	0	0	0	0	0	0	0	0	0	0	0	0	0	0	0	23	0	0	0	0	11	23	29	19	21	28	22	0	39	10	5	14	13	0	6	0	0	3	0	0	0	0	0	0	0	32	15	8	0	0	5	0	0	0
134ed7af6b994ae293a0676b8b7ce78c	12	13	11	7	8	8	29	14	27	24	29	18	41	25	26	73	48	59	0	7	6	0	3	4	0	0	5	7	0	5	18	0	15	54	51	58	36	52	37	30	34	26	54	61	45	19	29	23	15	21	21	0	9	13	5	7	0	0	3	1	0	8	9	56	61	64	17	14	19	0	13	8
ebc3430566b1a515b8698ec1d748559b	0	0	0	0	0	0	0	0	12	0	25	20	11	0	9	0	16	17	13	0	0	0	0	0	0	0	0	0	0	0	0	0	7	33	24	0	29	27	28	0	11	12	0	31	20	0	0	22	0	0	11	0	0	0	0	0	0	0	0	0	0	0	0	0	0	0	0	0	0	3	3	0
dac965ec729f7479fd8c4c16f1ebddc3	0	0	0	17	0	7	45	0	45	0	11	17	0	0	0	16	16	0	306	246	198	72	84	62	563	568	445	189	149	122	379	296	253	0	35	42	27	24	0	32	37	0	37	24	16	20	0	0	0	4	9	52	40	33	200	191	137	144	164	94	239	196	199	0	0	32	82	92	54	64	46	31
d63fa9554dfcb78dc224d799ac27f69b	0	0	0	1	0	0	0	0	9	0	4	12	12	7	12	6	3	12	0	0	0	0	0	3	0	0	0	0	0	2	0	0	0	8	0	0	0	2	0	0	0	4	0	6	14	5	0	0	1	0	5	0	1	1	0	0	0	0	0	0	0	0	0	12	0	10	4	5	9	0	0	2
96be64b8c94ff219aeced14a26e5e04a	0	3	2	0	0	4	0	9	4	6	0	3	0	4	0	0	0	0	0	0	0	0	0	0	0	0	0	0	0	0	0	0	0	7	6	4	0	10	8	5	0	4	6	4	9	2	3	0	0	0	1	0	0	0	0	0	0	0	0	0	0	0	1	0	0	0	0	0	0	0	2	0
4eb72ad317b099b57c248c458eab626b	29	37	29	13	9	9	47	94	74	66	78	96	291	285	287	46	51	29	31	28	23	51	32	37	10	12	15	20	23	19	16	25	20	47	59	42	48	81	55	62	48	53	102	103	79	72	84	87	44	66	76	43	58	58	19	49	54	28	49	45	19	19	29	23	39	38	35	23	18	26	40	42
ab86211ce31fdf619c7f579b41c7198f	0	0	0	7	0	10	15	18	19	21	29	28	12	9	8	11	19	34	4	19	19	1	0	3	0	2	0	1	0	0	5	0	10	19	16	15	27	25	13	0	6	17	13	21	14	32	33	34	0	4	6	0	1	2	0	3	1	0	2	0	0	2	0	1	2	6	0	3	0	4	0	0
e7457a454c89036fad145b77697d0efe	5	0	9	2	1	2	5	1	6	3	0	6	6	0	3	0	0	4	0	0	4	0	0	0	0	0	0	0	0	3	0	0	0	1	7	8	1	0	0	7	10	0	8	0	6	0	0	3	0	0	0	0	2	1	0	3	0	0	0	0	0	0	0	3	0	0	0	1	0	1	0	1
7c556e92e0172ef719da472b509dc73e	24	13	31	3	10	18	36	46	71	31	30	18	37	28	35	31	14	28	14	5	11	0	5	0	0	0	6	0	0	2	7	0	0	32	21	39	0	10	11	0	10	14	31	25	35	11	16	10	24	6	16	6	8	7	0	6	0	0	2	5	0	0	0	11	19	12	0	0	0	0	0	0
d1b4d08773c6ef760a318c0c8d8326c2	0	7	4	2	0	0	0	0	7	0	8	4	0	3	0	2	6	10	0	2	0	0	0	0	0	0	0	0	0	0	0	0	0	4	0	4	0	5	0	0	5	4	0	5	0	0	0	8	0	0	1	0	2	0	0	0	0	0	0	0	0	0	0	0	5	0	0	0	0	0	0	0
52645120f6c0774841161d783d777515	0	6	3	0	8	0	0	4	0	14	14	0	8	12	4	6	6	4	0	0	1	0	1	0	0	0	0	0	0	0	0	0	0	12	0	16	9	10	0	11	16	13	22	9	9	11	14	7	6	0	4	4	4	0	0	0	0	0	0	0	0	0	0	11	0	0	0	0	0	0	1	5
7a5d0a6933aa0d45d10f7bd0004c16e0	0	1	4	4	9	4	3	11	18	4	7	11	5	10	13	17	11	18	0	4	7	0	0	1	0	0	1	0	1	4	2	6	11	25	20	17	11	12	30	9	8	9	5	7	21	14	7	6	3	4	5	3	6	3	0	4	3	1	0	1	2	0	2	6	8	14	0	4	7	5	1	5
839c239d06dc16a2d4e156bc9dd8444d	0	0	11	0	0	6	22	27	0	21	0	17	0	15	21	29	27	25	0	9	0	0	1	0	0	0	0	0	0	0	5	0	0	25	43	0	31	17	0	0	14	19	48	26	32	20	17	23	15	5	0	0	0	0	0	0	0	0	0	0	0	0	0	0	0	0	0	13	0	0	0	9
361a23791193caf651b0cf19c17cb5ff	14	27	19	0	8	10	0	0	2	0	0	9	4	2	0	8	2	0	0	0	0	0	0	0	0	0	0	0	0	0	0	0	0	0	0	1	3	4	4	4	4	6	0	2	7	0	0	0	0	0	0	0	0	0	0	1	0	0	0	0	0	0	0	0	0	0	0	0	0	0	0	0
f9090f8ebf95bd0e7012b1edd4ba2f11	30	43	35	56	44	44	210	223	193	407	321	269	131	108	133	182	258	175	43	51	65	0	0	0	0	41	73	0	44	45	62	63	91	145	134	99	606	613	479	212	231	179	474	585	546	591	613	488	26	18	0	147	116	127	0	29	24	0	21	0	0	17	21	34	43	47	0	0	0	0	12	0
f93bb68cb54131329a699d458ae7c114	0	0	6	9	6	0	0	5	0	6	5	0	0	0	0	4	0	0	0	0	0	0	0	0	0	0	0	0	0	0	0	0	3	0	0	0	0	9	8	0	0	10	0	8	8	0	0	10	0	1	0	0	0	0	0	0	0	0	0	0	0	0	0	0	0	0	0	0	0	0	1	0
4f0de3079e61fa2ba462773c9fc36a8a	28	30	36	18	22	40	22	21	17	19	23	21	28	21	16	32	16	23	5	0	5	0	2	0	0	5	2	3	0	4	0	5	0	34	21	22	19	11	18	18	22	16	25	24	17	17	14	27	4	3	5	0	15	5	8	8	3	0	4	1	0	0	0	17	24	20	0	3	5	0	0	0
e82765c3dddb62e149ab98aa6e5a7732	0	15	76	5	0	9	22	22	102	36	45	173	6	7	61	18	16	99	3	0	36	0	0	9	0	0	5	0	0	8	10	11	27	50	47	154	56	26	93	0	0	15	11	13	63	15	7	42	0	0	8	0	6	11	0	0	0	0	0	0	0	0	5	16	7	31	11	10	13	0	12	23
cab33f1074e37923650ba983138e6539	0	9	6	14	9	12	13	15	42	18	13	28	0	9	8	6	7	0	0	0	6	0	0	0	0	0	0	0	0	0	0	0	0	14	12	0	7	22	21	9	16	13	0	17	14	15	10	11	0	0	0	0	0	0	0	0	0	0	0	0	6	0	0	0	0	0	0	0	0	0	0	0
9417307c5940ed691983f50549453dbb	31	0	40	17	8	3	35	38	0	48	71	103	0	31	31	65	60	84	6	13	19	0	4	0	0	4	0	6	9	0	18	14	12	72	56	60	64	73	54	46	31	39	66	48	43	71	85	42	4	7	19	42	53	0	3	22	12	6	13	0	0	10	4	8	21	31	4	11	6	0	3	5
f920f3c3304da527e0005e8e26c61cf3	10	13	0	14	11	10	19	28	42	22	42	29	12	27	8	22	20	21	0	0	0	0	0	0	0	6	5	0	0	12	11	9	9	23	16	34	24	33	32	20	33	17	70	34	24	20	32	32	0	0	11	18	20	20	0	4	0	0	5	0	0	0	0	0	16	18	0	0	0	0	0	0
cf2eea2a38138614b3121fc8cfae6b3a	165	64	64	7612	7026	7397	6475	6032	5263	61	42	33	45	34	17	10	28	19	49	28	22	48	51	37	20	21	15	23	8	15	20	35	21	56	63	20	107	83	55	9362	9338	8494	57	82	45	1006	906	823	5	21	13	896	1134	872	10	25	9	5	7	3	0	11	9	6	46	41	12	12	7	7	9	0
3c0de8e18bc694d98c7aaceb8f4aeadf	48	38	39	83	52	60	122	96	90	245	187	201	107	84	101	115	101	76	34	41	34	31	18	29	0	24	30	19	34	21	27	43	27	337	298	255	194	173	191	204	113	89	195	212	182	136	131	118	36	43	43	37	31	31	21	47	27	10	12	12	0	12	14	288	231	177	22	21	28	23	19	11
947cbc6d7d0ec1aa9169d896a06e2493	0	0	0	0	0	0	0	0	0	0	0	0	0	0	0	0	0	0	0	15	0	38	31	32	0	14	13	10	16	13	10	19	15	0	0	12	11	17	21	0	0	0	0	0	10	0	0	0	0	0	0	10	11	0	0	0	0	11	5	9	19	16	16	11	19	17	0	0	0	6	9	7
a5d2c7829e46d61fa42fd7b41365c97b	7	4	5	27	23	32	63	108	75	77	162	143	36	36	37	80	94	70	17	26	24	0	0	7	0	9	7	9	17	11	10	17	17	70	107	85	83	102	125	42	53	63	114	82	66	77	86	83	4	13	11	19	26	16	2	8	5	4	4	0	0	8	0	14	14	15	10	4	6	2	7	7
853d8917f8ea68b8dcd0aa77d0e9f3f9	8	5	5	2	0	7	8	3	11	3	0	7	3	3	7	7	3	10	0	0	1	0	0	0	0	0	0	0	0	0	0	0	4	2	0	8	3	1	1	0	3	4	3	0	4	3	1	12	0	4	0	0	1	0	0	1	0	0	0	0	0	0	0	1	0	3	0	3	1	0	0	0
7d9bc43e1b56c9f1308694dbf5432fab	23	0	12	0	0	0	0	25	27	0	37	0	0	0	20	0	0	0	0	0	0	0	0	0	0	0	0	0	0	0	0	0	0	0	0	0	0	0	0	18	0	0	0	0	25	26	20	0	0	0	15	0	0	0	0	0	0	0	0	0	0	0	0	0	0	0	0	0	0	0	0	0
27e6190a90d17cd96a15fc0a9d299229	56	51	52	76	60	79	258	251	209	569	453	435	335	341	255	260	180	189	98	73	77	37	41	26	38	24	32	39	43	34	56	76	68	785	722	646	572	667	663	284	317	253	506	446	337	345	345	370	56	103	73	58	111	71	49	61	50	15	15	21	15	33	24	470	426	348	65	118	75	41	52	49
7b0ec29d1489c3cd5fe19ca7734e4e3b	7	7	0	4	7	2	13	0	12	24	24	8	11	7	11	18	13	11	0	0	0	0	1	0	7	0	0	4	0	0	0	0	0	15	13	0	7	20	16	16	9	15	11	24	29	8	8	13	4	0	4	3	5	0	0	5	0	0	5	0	0	2	0	12	11	17	15	5	3	0	3	4
c94fe9124b9265cdd4747c6854fb1fb3	24	22	18	25	27	23	34	39	31	35	23	31	31	19	18	79	58	57	4	6	0	5	4	2	12	2	12	2	8	14	4	4	5	42	37	40	61	74	68	14	30	44	33	36	45	42	31	39	12	9	6	8	15	7	0	5	4	0	3	2	0	2	2	20	18	21	3	1	0	0	0	5
bf82267a0a66851ee01bfb4cf59f4447	0	0	0	0	31	0	129	103	113	233	177	163	123	123	89	104	111	110	97	31	78	80	0	47	0	43	0	0	58	0	0	72	46	232	258	244	223	227	218	137	114	145	199	125	130	136	119	149	0	78	0	74	65	0	49	37	62	28	0	0	44	19	0	152	125	184	87	51	95	52	26	68
5795ad9cadd61b16848d4ccfe8e01ea1	0	0	0	0	0	0	0	10	0	21	16	0	29	0	25	6	18	14	28	27	37	9	19	13	19	0	0	11	0	0	0	0	0	0	0	0	24	11	0	0	0	0	0	0	0	0	38	20	7	6	3	22	40	31	21	17	12	0	19	0	0	9	0	0	0	0	17	12	0	9	16	11
d5fe0b53f773175a440780e5da1e497e	4	0	0	0	0	3	0	8	9	0	8	9	7	4	9	7	3	5	0	0	0	0	0	0	0	0	0	0	0	1	0	0	0	14	15	23	0	0	8	9	18	22	16	10	16	10	11	7	0	0	0	0	1	0	0	4	0	0	0	0	0	0	0	5	0	6	5	0	2	0	0	2
f59db115c0e310bc3f2d9e91291f34c7	0	2	0	6	7	4	23	16	18	21	22	28	6	0	3	7	3	1	9	10	0	0	0	0	2	2	4	0	0	1	3	0	0	16	17	12	13	14	21	0	5	7	9	7	0	5	9	13	0	0	1	0	1	3	0	0	0	0	0	0	0	0	0	0	0	0	0	0	0	0	0	0
6040e1a816fbc75dbd6c1414e8cfc227	0	0	0	15	8	6	4	9	9	22	20	28	15	9	11	9	7	0	0	0	0	0	0	0	0	0	4	0	0	0	0	0	5	22	16	20	42	23	25	0	10	11	19	11	18	21	30	15	6	6	7	8	16	7	3	0	0	0	0	0	0	0	0	7	0	0	0	0	0	3	0	0
3cbea3ffe19d1c56fce6e0b5619ac99b	17	18	32	9	13	8	22	44	73	41	73	99	15	36	47	47	61	70	4	13	12	7	1	3	3	1	8	4	9	14	19	16	24	61	79	90	32	44	62	17	30	57	60	49	65	28	43	64	3	9	13	21	35	36	0	9	6	5	2	7	2	4	4	48	43	53	26	21	34	8	13	4
da0f22aa9e77bb51ccf81ab4a3fc207a	26	34	20	13	16	21	28	18	28	43	37	37	0	11	10	28	16	18	0	0	10	0	0	0	0	0	1	0	0	0	0	0	0	20	21	23	18	21	34	11	19	18	15	20	23	19	25	23	2	0	6	0	3	0	0	0	0	0	0	0	0	1	0	7	9	0	0	0	0	0	0	0
65a12cc1f714fcd0a77f73fc777fb603	11	14	17	10	28	18	14	9	14	28	22	22	10	12	16	19	14	13	0	0	8	0	0	4	0	2	5	5	0	0	0	0	0	29	21	22	16	18	18	18	6	27	19	26	20	20	22	18	4	2	20	11	8	6	0	0	0	0	4	0	0	0	3	11	0	9	0	2	0	0	2	0
0b2876532cd6ab719609c4c002f82a14	0	0	2	16	29	40	8	27	43	24	30	30	7	20	17	4	11	23	0	2	9	0	0	0	0	2	1	0	3	4	2	4	5	11	10	12	15	24	22	3	12	8	26	15	17	12	8	8	2	2	2	0	3	9	0	5	0	0	1	0	2	1	2	4	0	6	0	1	0	1	0	0
1130899792a156331e58f47502bc339f	5	6	11	4	6	3	0	0	6	0	4	5	3	0	2	4	6	8	0	0	0	0	0	0	0	0	1	0	0	0	0	0	0	0	3	5	6	0	0	0	0	2	3	8	8	0	8	0	0	0	0	2	4	0	0	1	0	0	0	0	0	0	0	0	0	0	0	0	1	0	0	0
e07bbb8381541ef2e1a2ad452a19e3ae	0	5	8	0	0	5	0	2	0	3	0	1	0	0	0	0	2	0	0	0	0	0	0	0	0	0	0	0	0	1	0	0	0	3	9	0	4	1	0	0	0	8	4	0	6	0	4	4	0	2	0	2	0	0	0	0	0	0	0	0	0	0	0	0	0	0	0	0	0	0	0	0
00cd6d5ae62e2237eecf0ac96fe3ab06	0	0	0	0	0	10	25	13	22	33	47	48	11	0	12	11	11	16	0	0	4	0	0	0	0	2	0	0	3	0	0	9	13	27	19	0	42	14	25	0	20	17	31	30	29	23	18	38	9	5	3	0	10	4	0	5	0	0	5	0	0	7	0	15	13	13	0	4	4	0	0	2
afdd6bfdd259d7017d6597187972668c	0	0	0	0	15	21	21	24	25	47	35	28	18	31	6	10	0	15	29	12	18	0	0	0	0	0	0	0	0	0	8	0	0	28	32	34	26	23	34	16	9	15	0	23	0	34	17	14	0	0	13	0	9	9	0	0	0	0	3	0	0	0	0	7	0	0	0	0	0	0	0	0
b624ad14d672ca6e8e6c2f2cfb23689f	17	0	0	0	0	7	19	19	0	48	48	28	10	11	0	34	19	23	18	26	12	0	4	0	0	6	0	0	0	0	5	11	0	19	37	0	39	35	27	29	16	25	30	46	26	19	30	31	0	9	8	0	6	6	0	8	8	0	0	0	0	3	0	17	9	20	0	0	0	0	3	0
7eaef5182d96555b7bbb5b1fd907d24a	0	0	0	0	2	0	0	0	0	8	0	0	3	0	2	5	1	0	0	0	0	0	0	0	0	0	0	0	0	0	0	0	0	3	3	0	0	2	0	0	2	0	0	4	5	0	3	1	0	0	0	0	0	0	0	0	0	0	0	0	0	0	0	0	0	0	0	0	0	0	0	1
9862497bd2627ebb02867f09b2984dfe	11	5	0	6	3	14	18	5	10	16	0	20	0	0	7	30	14	19	0	0	1	0	0	0	0	3	0	0	0	4	0	0	0	0	9	5	20	24	15	11	11	13	9	18	20	8	9	21	4	0	0	0	1	0	0	3	0	0	2	0	0	1	0	0	4	0	0	0	0	0	0	0
48d404885570e146d7c3dadc65848e56	295	318	306	292	239	230	291	535	468	380	716	635	182	237	224	313	287	246	82	149	162	28	22	15	33	46	51	36	68	63	63	79	83	517	382	314	467	353	368	364	252	300	555	374	371	609	561	446	31	72	39	102	152	144	34	77	44	19	45	26	22	31	16	52	78	55	26	24	24	18	21	17
1197601577a50a8c10d8fb8916c81499	0	0	5	8	7	15	0	0	14	16	24	29	6	12	11	12	7	3	8	0	0	0	0	0	0	0	5	0	0	1	0	0	0	24	28	17	17	14	16	20	16	23	29	30	26	17	29	9	0	0	0	0	6	0	0	4	0	0	0	0	0	0	0	20	15	16	0	0	0	5	0	0
3fb507665274302e03434e258fe9193e	22	29	25	11	0	0	15	0	14	14	16	22	13	15	19	24	0	0	12	0	9	0	0	0	0	0	0	0	0	0	8	0	0	17	22	19	11	0	11	20	9	16	28	24	15	20	17	14	1	4	7	0	12	0	7	0	0	0	5	1	0	5	0	13	15	15	0	0	0	0	7	7
295211c9ef800d58f084bc250e29cbb0	4	2	5	0	3	0	6	14	8	3	10	4	11	8	0	7	7	4	0	0	0	0	0	0	0	0	0	0	0	0	0	6	0	7	11	0	7	6	11	6	14	7	10	16	11	13	15	10	3	9	0	0	0	0	0	1	0	1	2	0	0	1	0	7	0	5	0	0	0	0	0	0
1fe99ab6ef5285933079915174a60df5	9	17	11	10	9	0	36	29	13	34	49	29	18	28	37	72	83	91	0	6	10	0	0	0	0	8	7	0	3	0	8	0	17	50	36	28	16	39	26	34	34	33	50	36	45	24	29	28	0	9	12	13	21	0	0	6	16	0	5	0	0	4	0	23	35	27	0	10	7	7	3	0
9e8b96ca052cd6d670d1c306dccf43e6	11	10	6	5	0	4	4	6	13	11	16	12	7	4	9	0	10	6	0	0	0	0	0	2	0	0	2	0	4	5	0	0	2	11	16	14	5	7	10	0	0	8	12	15	14	11	11	11	0	1	0	5	0	0	0	0	0	0	0	0	0	0	0	4	0	0	0	0	0	0	0	0
29e3312906585b4697a50ccdb2d7537b	5	14	0	20	57	87	52	106	125	117	259	255	30	59	44	32	62	52	13	13	22	10	0	6	0	7	12	8	13	18	18	20	24	156	105	106	101	143	172	58	44	58	159	80	95	93	64	62	0	7	8	24	40	41	0	7	0	0	2	0	9	3	0	20	23	20	0	3	0	10	8	0
ef3d27f92d0f1dcbc99b62d1b550eeb6	35	27	30	44	34	52	182	232	233	190	360	329	125	198	191	511	569	383	104	183	177	39	20	25	14	20	45	21	50	44	81	64	87	413	288	326	258	346	332	206	201	181	481	305	275	283	282	235	60	101	130	61	112	74	42	93	60	20	17	18	27	41	17	234	335	275	50	60	37	51	74	55
fed5213aaa519284a5677e4e240ee47c	0	0	0	0	2	9	4	5	28	3	7	19	10	13	15	0	7	11	0	0	3	2	0	3	0	0	1	1	0	5	6	0	5	20	12	36	13	6	28	0	0	6	13	9	22	3	3	4	2	11	0	3	3	5	0	0	0	0	0	0	0	0	4	4	1	6	7	6	5	4	4	8
0c6959a72ad563b153e338ae0942b7a8	9	8	0	0	5	5	10	4	6	15	7	3	18	14	13	9	7	6	0	0	0	0	0	0	0	0	0	0	3	0	0	0	0	13	19	9	14	16	11	12	25	25	8	20	23	4	18	13	11	9	20	0	3	6	0	12	5	0	3	0	0	1	0	11	15	11	0	5	6	2	0	0
a23c6044ebf58f3e5a17bfe5361c551c	0	0	0	0	0	0	0	0	0	0	3	0	2	3	1	4	11	13	0	4	6	2	0	0	0	0	0	0	0	0	0	2	0	0	0	7	3	0	0	0	0	4	0	5	6	8	8	7	5	0	4	4	1	1	0	1	0	0	0	0	0	0	0	4	6	6	0	0	0	0	0	1
9118e60002f722384cd13db51e5b23e3	50	51	38	28	14	20	26	16	19	23	17	14	9	20	12	32	18	26	0	3	6	0	0	6	0	1	7	3	3	1	3	5	5	19	23	22	12	19	22	25	30	25	28	25	23	14	19	19	2	3	7	5	8	8	0	9	1	6	4	3	0	3	0	13	11	17	0	5	4	0	2	5
26324333ecf7d86a925a8038b3801b4a	45	29	31	42	20	35	134	129	103	128	90	95	155	116	126	191	157	123	31	27	24	0	0	0	18	14	12	11	0	10	25	26	22	183	155	146	137	88	102	148	62	73	160	191	188	73	106	108	44	52	36	15	32	12	19	22	14	0	10	0	0	13	0	109	97	88	18	28	22	0	9	0
69066c8d79d1aa6e688f7a1326590421	0	6	0	7	0	5	12	0	18	12	16	0	0	0	9	11	15	11	0	5	0	0	0	0	0	0	0	0	0	0	5	0	0	19	9	0	12	13	0	0	0	13	24	14	0	0	16	10	0	0	0	0	0	0	0	0	0	0	0	0	0	0	0	0	0	0	0	0	0	0	0	0
63cee4c2457ff8b3dfbc7caad663e4f7	35	30	37	15	9	20	48	53	40	93	67	74	47	49	61	168	114	132	43	26	31	4	2	9	0	13	5	0	7	15	15	24	24	89	89	94	74	103	135	43	34	49	82	61	82	37	55	55	14	13	18	9	12	18	8	6	8	8	9	6	12	4	8	36	32	36	0	10	9	6	10	13
11623591168c978f2f2a48befe587c6e	7	0	0	0	0	0	11	23	20	26	54	42	22	16	18	37	32	29	0	15	13	0	4	6	0	5	0	0	0	0	0	12	19	33	31	33	48	27	25	13	9	10	32	21	23	16	24	22	8	7	7	0	9	0	0	7	0	0	0	0	0	3	2	14	15	15	0	8	0	2	0	0
ac7272e4fd2b6e8efd9e19b7c1d22524	22	8	15	10	0	16	12	26	28	34	68	38	21	37	44	35	46	36	0	10	13	0	0	0	0	0	0	0	7	0	7	0	0	62	88	90	43	44	35	52	36	41	67	69	73	33	38	29	14	20	19	13	24	14	0	11	11	0	5	4	0	4	0	65	73	73	5	9	12	0	10	8
c656ca9eec75baf64df81e54191aefc4	11	13	9	7	6	18	15	21	12	13	25	19	9	7	5	11	6	8	0	0	0	0	0	0	0	4	0	0	0	0	0	0	0	21	9	13	12	0	0	20	7	13	0	12	16	10	19	14	0	4	5	5	7	0	0	4	0	0	0	0	0	0	0	0	0	0	0	3	0	0	0	0
20eb88dde737a026af1ca58a6bf8dcf4	0	0	0	0	0	0	0	0	0	0	0	2	3	0	5	3	0	3	0	0	0	0	0	0	0	0	0	0	0	0	0	0	0	0	0	0	0	1	1	2	0	0	0	0	10	0	0	6	0	0	1	0	0	3	0	0	0	0	0	0	0	0	0	0	0	0	0	0	0	0	0	0
bc3676c17839094c4fa8e33268905268	15	0	7	5	0	0	0	0	16	6	12	16	13	8	10	18	14	19	0	5	0	0	0	0	0	0	0	0	0	0	0	0	0	12	6	15	6	11	8	6	4	8	0	7	0	18	14	12	0	2	0	0	0	0	0	0	0	0	0	0	0	1	0	0	0	11	5	3	2	0	0	0
187168fbc8100b18dbdaed2fae27a6a2	1	0	3	5	0	4	0	0	10	3	8	8	0	0	4	4	9	9	0	0	0	0	0	0	0	0	0	0	0	0	0	0	0	0	0	11	4	0	6	0	3	3	5	8	0	3	5	10	0	0	0	0	0	0	0	1	0	0	2	0	0	0	0	0	0	0	0	0	0	0	0	0
0201f1a8509c2fa94fb73abe7d5626f6	0	8	10	19	13	17	14	23	12	12	35	21	18	18	16	9	13	11	0	0	0	0	3	3	0	2	0	0	0	0	0	0	9	37	18	22	20	24	19	12	18	14	20	40	23	15	26	18	4	8	8	2	9	10	6	1	6	0	0	0	0	0	0	14	13	9	0	3	0	0	3	0
0f552ce0ba109f76011b5fe7b248579f	49	54	57	49	25	36	46	44	79	78	88	73	49	22	47	59	165	124	0	33	53	0	6	12	0	0	15	0	12	8	26	0	33	111	74	41	90	61	69	66	43	63	97	123	70	168	154	142	10	10	20	45	45	52	0	39	46	0	0	0	0	17	17	37	71	68	0	12	19	0	0	0
f3643f0bfca558a13fa040944c3d3c3b	26	25	21	14	16	22	49	51	37	80	51	42	40	29	51	97	59	69	26	23	18	6	8	0	11	4	4	7	6	8	10	24	0	61	84	71	50	88	63	30	31	23	24	35	33	29	34	41	16	8	11	7	11	8	9	8	7	0	10	6	0	7	0	57	72	43	9	6	10	0	7	10
136d7b36c2b6158f50a02fbed16cabfa	10	9	15	0	18	24	23	24	0	30	25	21	29	29	39	21	24	25	0	11	0	0	0	0	4	10	0	5	9	15	0	0	18	55	46	59	39	58	58	36	40	38	63	75	53	42	37	28	9	13	11	10	10	14	20	17	0	0	6	0	0	12	8	32	36	27	0	14	0	0	5	18
daf0dc9cc917cc5c5247a2f52de6721c	11	0	0	0	0	5	9	21	13	11	20	0	16	13	13	14	12	12	0	0	0	0	0	0	0	0	0	0	0	0	4	0	0	16	21	19	0	13	0	13	0	16	17	9	20	0	6	5	1	0	3	2	14	0	0	6	0	0	0	0	0	0	0	8	0	0	0	2	0	0	2	4
e7375705d9f6762accc330d5d61c6d8a	25	15	11	53	24	44	46	54	58	63	105	102	0	33	37	22	30	32	0	11	21	0	0	0	0	7	15	0	0	0	0	0	0	61	48	56	67	46	55	38	42	53	84	72	69	55	48	35	0	0	15	0	0	14	0	11	0	0	0	0	0	0	0	19	37	34	0	0	0	0	0	0
6d04de8cc4a1df332a852fd85ce91f75	10	18	15	8	10	0	13	16	13	17	15	12	24	12	28	8	8	5	0	0	0	0	0	0	0	0	0	0	0	0	0	0	0	9	16	11	12	18	21	0	0	6	19	17	18	10	8	4	2	0	0	0	8	7	0	3	0	0	4	0	0	0	1	3	2	0	0	0	2	0	0	0
67f69cc6a674152a9e337d67b5981bf0	0	26	124	4	0	36	44	65	243	49	50	286	21	41	180	15	79	283	0	9	29	0	3	25	0	9	13	3	10	39	0	17	86	91	106	453	117	53	213	0	19	38	44	40	185	61	27	158	0	0	0	12	25	32	0	8	12	9	0	0	0	0	20	23	21	75	30	28	38	20	31	68
fdde82918a5b91b5ac27169488f61076	7	16	41	0	0	9	0	0	10	0	4	0	0	0	0	0	0	0	0	0	0	0	0	0	0	0	0	0	0	1	0	0	0	0	7	11	5	7	8	0	0	17	6	11	10	0	0	0	0	0	0	0	4	0	0	0	0	0	0	0	0	0	0	0	0	0	0	0	4	0	0	0
2064fe832486f231d6ad959a78b558a1	0	9	9	6	0	6	0	21	0	16	33	31	16	0	12	25	35	24	0	0	7	0	0	0	0	0	0	0	3	0	0	0	0	23	34	21	39	13	0	29	15	17	43	22	14	35	18	21	0	0	0	11	24	8	0	8	0	0	0	0	0	0	0	0	0	20	0	0	0	0	0	0
17ecbeb80f3e8e3518e0e2b46735a67d	41	8	0	0	0	0	22	18	36	37	23	20	24	19	15	22	32	22	0	0	24	0	0	0	0	5	0	0	18	0	0	0	22	38	64	42	48	37	38	23	23	16	52	38	32	22	25	31	13	14	6	0	10	16	0	10	0	0	0	0	0	0	0	23	15	17	0	12	0	0	6	10
1bccf192f14f9a6a404f52d09b0e8546	0	12	36	2	7	25	10	10	24	8	10	29	0	0	0	2	0	0	0	0	0	0	0	0	0	0	0	0	0	0	7	0	0	4	0	0	8	7	22	0	0	10	23	0	18	5	5	20	0	0	0	3	0	23	2	2	0	0	0	0	0	0	0	0	0	0	6	0	0	0	0	0
9c709609075237335ffe3a4beb3d8628	22	19	18	63	59	109	89	106	116	131	203	183	119	207	150	120	166	137	37	68	71	18	19	24	24	40	74	23	39	42	47	47	63	276	306	295	198	216	225	149	165	165	247	265	195	241	235	221	47	69	72	51	79	47	47	53	48	20	40	32	17	24	33	150	159	187	52	31	34	23	31	20
971321fd388ee10f427a4339f9e41d6c	0	0	0	5	0	0	0	0	12	0	14	0	0	0	6	7	7	13	0	0	3	0	0	0	0	0	0	0	0	0	0	0	0	8	0	0	18	18	15	0	13	17	13	9	11	26	10	15	6	2	1	0	0	0	0	0	0	0	0	0	0	5	0	6	8	12	0	0	0	0	0	0
d34770e176e6a2e956187d9c276da40f	0	0	0	0	0	3	11	13	7	9	9	7	0	7	0	4	0	0	0	0	0	0	0	0	0	0	0	0	0	0	0	0	0	0	18	11	0	0	0	0	8	0	8	13	0	0	11	14	0	3	0	0	0	0	0	0	6	0	0	0	0	0	0	3	0	0	0	0	0	0	0	0
22e066682f8d6bd47894c5a4dbba1800	13	0	32	47	0	41	40	87	68	90	64	51	29	0	0	61	0	54	0	35	28	0	15	0	0	0	0	0	21	16	14	0	0	65	93	54	70	73	74	94	96	80	85	90	56	44	53	73	13	31	0	0	26	0	12	37	24	0	11	0	0	15	0	145	118	99	28	28	19	0	23	21
bc171af212c3aa49c405d587b1801ebd	0	0	0	4	3	3	0	3	7	5	0	8	3	2	2	0	2	10	0	0	2	0	0	0	0	0	0	0	0	0	0	0	0	3	5	0	0	3	4	0	4	0	0	0	7	0	4	6	0	3	0	0	0	0	0	0	0	0	0	0	0	0	0	0	0	0	0	0	0	0	0	0
60802628b10b1351fb584af10533b2e4	8	8	15	37	33	37	118	71	73	269	123	146	91	77	57	241	91	106	81	60	43	20	12	26	10	7	8	18	18	12	15	15	20	227	184	145	143	184	205	74	73	50	138	103	99	90	90	77	19	8	17	13	37	16	11	20	18	0	8	2	0	9	0	76	67	54	26	18	13	14	15	24
80473c2d61224d87f6a2bbd22087081a	7	8	0	11	13	16	12	0	12	16	32	20	4	0	0	0	0	0	0	0	9	0	0	0	0	0	2	0	0	0	0	0	0	14	11	10	17	0	5	5	13	12	0	13	13	0	9	10	0	0	0	0	0	0	0	0	5	0	0	0	0	0	0	0	10	0	0	0	0	0	1	0
94c8de346f0dc8d37ce4217feef8f714	0	7	0	11	4	5	13	12	12	21	16	16	20	19	15	34	18	13	11	5	0	0	0	0	0	2	0	0	5	0	3	0	0	25	35	44	17	33	25	16	18	18	42	32	33	17	23	21	2	5	8	4	4	5	4	9	0	0	0	0	0	0	0	21	19	13	0	2	0	0	0	4
c7ad980b760b71fd833b3ddf20765163	7	13	11	18	18	15	33	39	40	55	81	81	27	27	37	63	69	57	0	13	12	0	0	0	7	7	0	0	2	4	7	0	14	66	66	65	37	40	31	37	26	39	58	50	48	29	37	31	4	0	8	14	20	17	0	0	6	0	6	0	0	4	0	10	0	19	0	0	0	0	6	0
820691a0add187d598030d7f13219227	158	108	151	109	105	111	163	112	95	141	110	99	280	228	226	174	153	115	78	59	51	16	33	23	20	11	11	27	22	14	57	37	36	337	250	225	121	127	135	428	368	451	442	476	420	215	209	213	80	109	106	66	86	59	93	121	108	19	27	17	35	48	39	380	391	345	53	80	58	33	44	50
6ab309290c94503803b9a07eac1123cd	13	19	11	31	20	27	22	19	26	24	30	22	29	38	38	75	45	37	7	6	3	6	5	4	0	3	8	3	3	7	7	7	6	49	71	39	30	39	46	45	52	54	59	43	58	32	35	41	21	20	19	16	32	10	9	17	0	0	11	3	0	4	0	55	41	27	8	9	3	0	4	7
2a5bd34815a8fd083fa4d84e5ab5a678	0	0	0	3	0	0	2	9	6	2	3	8	2	0	5	0	0	0	0	0	0	0	0	0	0	0	0	0	0	0	0	0	0	6	0	3	0	4	0	3	4	0	0	0	7	0	2	3	0	0	0	0	0	0	0	1	0	0	0	0	0	0	0	0	0	0	0	0	0	0	0	0
c1fa506d42179bf562de58fb7dca56c3	43	47	46	50	61	59	223	219	194	276	185	290	236	151	173	316	257	198	147	92	92	23	21	33	31	21	37	31	37	49	78	69	86	266	288	317	290	328	344	130	140	118	313	245	240	169	235	212	50	61	60	44	57	58	14	30	25	0	9	10	12	21	22	197	188	184	34	44	50	30	35	43
58d1c6645b518d3cbd3eeb6c68ace8ca	12	12	16	5	7	10	30	37	55	92	96	79	54	48	37	151	91	89	16	9	11	5	5	10	8	5	9	9	9	12	4	4	4	127	138	112	70	101	103	46	64	39	81	125	98	58	75	72	24	22	25	16	21	18	4	10	7	0	2	8	3	3	4	26	31	33	0	8	5	0	5	8
14cbfbff578d66019bd47d58c798b4c3	74	86	118	35	65	47	162	164	208	231	208	218	513	450	503	56	56	74	18	11	14	49	32	56	19	21	53	17	29	49	28	21	24	278	268	327	274	255	311	199	152	191	382	267	312	348	298	342	110	90	124	87	109	124	77	84	82	50	83	76	26	36	26	76	95	112	27	31	27	38	35	26
bc4e8923671b88a8e6d5b03e5fc42989	0	0	0	0	0	0	0	0	0	0	0	0	0	0	0	0	0	0	0	32	28	41	65	64	48	42	37	61	50	82	54	0	0	0	0	0	0	0	0	0	0	0	0	0	0	0	0	0	0	0	0	50	0	0	0	20	29	65	35	48	58	23	48	0	0	0	0	18	36	39	0	24
441ac567a78c570eff8e09622e847ce0	13	11	0	12	5	8	0	24	11	3	14	0	0	2	5	10	5	13	0	0	0	0	0	0	0	0	0	0	0	0	0	0	0	15	14	0	8	10	18	10	11	11	25	14	20	20	8	11	3	0	0	6	4	0	0	0	0	0	0	0	0	2	0	0	0	5	4	0	0	0	0	0
26e7640f782f82b290f2cd331da7e8e9	0	0	0	0	36	68	47	87	123	140	159	196	35	52	65	67	76	89	0	0	25	0	0	0	0	21	0	0	0	16	15	0	54	124	107	118	112	123	161	47	36	89	212	110	86	119	43	106	0	0	0	23	46	88	0	0	0	0	0	0	0	0	0	32	40	0	0	0	0	0	16	0
30fb623df968ababad3bae4dbea8830a	17	9	5	18	43	27	3	13	9	26	21	19	13	20	9	16	4	0	9	1	0	0	3	0	0	3	4	0	7	0	0	0	0	32	27	14	12	29	24	25	29	20	19	28	15	4	12	17	6	8	9	0	7	0	7	6	3	0	0	0	0	1	0	14	8	10	0	3	0	0	1	0
dc41f7152fbfa9eadba300763f8c4042	90	88	62	67	92	74	108	111	101	134	118	106	185	196	154	118	67	65	44	28	19	27	43	14	17	21	20	18	22	22	13	29	16	279	303	236	197	252	208	195	224	180	310	299	245	146	183	191	54	41	31	43	70	55	30	46	17	12	16	13	19	23	11	165	167	132	52	39	46	29	33	27
5e27b716e3e3384eaeed37671e0a2403	0	0	0	0	0	0	0	0	0	10	0	0	0	0	0	0	0	0	62	56	52	127	178	181	36	21	23	6	9	8	10	0	0	0	0	0	0	0	0	0	0	0	0	0	0	6	0	0	0	0	0	0	0	0	0	5	0	21	37	34	111	118	114	0	0	0	0	4	8	0	0	0
ae65a3d3f9dd730ba5fc33bacfa7130e	17	29	63	6	4	12	14	53	54	23	36	56	9	15	21	88	124	145	21	15	36	2	2	6	1	2	3	1	4	3	13	11	29	15	20	17	57	72	126	20	12	50	102	54	108	36	58	85	5	12	7	8	15	22	10	2	6	2	0	0	15	6	2	29	15	18	7	5	7	0	5	17
2aaae96621d2f09ba76f5bd2f312ced4	5	5	0	0	2	0	11	3	10	0	11	10	29	19	10	13	9	8	6	1	0	0	0	0	0	1	1	0	0	0	4	0	0	12	13	12	9	0	0	11	7	0	6	7	19	9	9	7	3	2	8	3	0	0	0	2	0	0	0	0	0	2	0	12	13	4	0	5	3	0	2	0
d7c175c5b206160e3c14ffd3ae2019d7	16	7	5	26	19	8	43	62	43	36	0	0	10	0	0	32	8	3	0	17	0	0	0	0	0	13	8	0	0	0	22	0	0	15	16	0	78	81	54	854	983	1048	0	19	17	18	35	37	3	0	5	0	0	0	0	0	0	0	0	0	0	0	0	10	0	0	0	0	0	0	0	0
b24d5754e38bfc588903b8f1e97a4f4a	0	0	0	0	16	15	74	56	57	137	124	102	30	17	26	20	9	6	0	0	0	0	3	2	0	0	0	0	0	0	0	0	0	0	0	0	57	56	71	5	4	0	0	9	7	10	23	24	11	9	9	17	39	18	0	3	3	0	3	0	0	0	0	0	0	2	0	0	0	0	0	0
a99d38960e54993b5acaa619b9548652	0	0	0	55	67	66	51	97	74	87	203	155	47	69	64	26	24	0	0	16	26	16	10	11	0	0	0	11	23	16	0	23	13	96	66	85	69	77	77	40	39	53	80	82	76	74	89	74	4	20	25	28	37	29	0	22	24	0	12	11	0	12	14	31	26	42	20	21	22	16	13	15
35b1b148cd8d8548514687a801d3a188	14	11	10	9	9	6	18	13	14	26	13	15	65	66	63	39	31	22	12	6	2	5	11	8	0	0	1	0	3	0	2	10	0	50	73	42	18	44	40	47	81	65	95	116	81	27	59	37	20	13	11	7	12	15	14	24	14	0	8	7	9	9	13	96	62	53	0	13	8	8	14	13
ae8cba09fde077c9c09dd4b84c334a7c	262	277	217	307	329	326	372	428	388	715	554	394	621	602	518	248	187	142	87	79	57	136	131	106	33	55	72	67	99	65	52	61	73	1094	1149	880	692	913	745	686	700	627	1249	1183	1128	540	656	604	92	166	121	131	169	138	159	166	134	51	69	52	54	87	43	416	528	417	118	140	122	80	69	76
de1e23b03fe77773f90bec9516a457c1	0	4	0	0	7	7	14	9	15	39	32	21	18	11	9	32	33	23	10	6	10	0	0	0	0	0	0	0	2	2	1	0	0	27	26	42	22	30	26	0	19	5	10	22	19	12	13	8	8	0	1	8	0	0	0	6	0	0	2	0	1	2	0	25	24	20	0	4	2	0	0	2
24420ad5286544e9f4fe0d84351bc231	0	7	7	7	5	16	18	34	21	35	33	29	11	15	12	55	36	35	7	5	14	0	5	1	0	0	4	0	0	6	7	0	13	22	24	26	30	34	43	15	27	22	30	28	26	32	47	26	6	11	10	0	8	10	0	7	0	0	0	0	0	0	0	16	0	9	0	0	0	0	0	0
4e41eb198c0fa5dfef43af1eca5258f2	36	27	24	19	42	29	39	65	32	89	68	49	62	62	51	68	59	45	0	0	0	31	16	13	21	0	14	6	12	14	18	44	34	113	127	122	72	88	81	127	108	107	99	113	85	53	65	73	20	23	59	16	44	30	43	44	45	14	0	7	21	25	10	83	84	78	55	26	47	34	22	39
0209cfb51e74862cd7ea293b61d9f21a	3	0	0	3	5	8	0	4	12	9	24	18	7	11	17	14	13	13	0	5	4	0	0	0	0	0	2	2	0	4	5	2	0	8	11	17	16	11	16	4	3	2	7	9	6	5	12	8	0	0	8	0	3	6	0	1	4	0	1	2	0	1	0	0	0	0	0	0	0	0	0	0
0ca35c5b6d280a4e14bb29bed537e939	0	5	0	5	0	4	11	20	14	34	26	18	0	5	8	78	55	38	6	15	9	0	0	0	0	5	4	0	0	0	0	0	0	4	12	4	31	35	27	16	17	16	34	31	32	110	110	74	5	7	11	0	6	4	0	0	0	0	1	1	0	0	0	0	0	2	0	0	0	0	0	0
d1b5ab9a1d407d8b6d81a597f7eea07d	0	0	0	4	5	5	8	19	18	14	23	33	11	10	13	8	23	0	0	7	19	0	4	0	0	0	3	0	2	5	4	2	0	11	10	20	19	14	16	0	9	13	0	22	12	25	16	25	3	3	2	0	6	3	0	6	6	0	0	1	0	0	0	0	7	0	0	2	2	0	0	0
0f985e80a00053246d76d05b8bb6150c	4	8	0	20	20	28	21	48	30	31	37	42	0	12	12	19	16	24	0	20	18	0	5	2	0	0	3	0	0	0	13	0	17	36	41	39	33	50	43	25	22	35	60	32	27	38	31	29	1	0	5	9	11	0	11	5	5	0	5	0	0	0	5	12	16	11	0	2	0	0	0	0
a70f7f0cf443cab6c5e19fb0f8bc3215	54	38	58	64	69	91	130	112	97	267	193	181	196	179	164	111	86	67	34	33	38	28	32	26	27	17	18	23	25	37	25	34	28	257	286	281	163	217	180	176	158	154	223	251	260	121	128	156	67	73	72	50	88	54	54	66	48	19	26	28	17	21	22	107	154	141	18	30	25	13	25	21
166c2f6e9c68cc5df6d887a0f069aef3	0	0	0	0	0	0	0	0	0	0	0	0	0	0	0	0	30	0	0	38	18	0	17	0	0	21	0	0	19	0	0	0	0	0	0	0	0	0	0	0	0	0	0	0	20	11	0	0	10	0	0	25	0	0	35	0	0	34	0	0	11	0	0	0	0	0	0	0	0	0	0	0
e682ac452e5510077c10526cd220272a	0	0	19	19	0	0	54	47	51	89	70	112	40	43	33	112	132	153	39	0	16	0	25	31	0	0	0	25	0	0	22	32	49	103	82	117	214	209	176	50	43	49	109	73	99	91	58	70	0	30	30	37	25	24	19	9	0	16	10	12	0	28	20	48	59	77	35	26	38	38	30	25
4fcabd0808ed63fd7274c563c404baef	0	0	0	7	0	0	0	0	0	0	0	14	0	0	0	0	0	0	0	0	11	153	79	84	33	19	25	42	88	106	17	28	24	15	0	0	0	0	31	0	0	9	0	0	15	0	0	0	0	0	0	0	21	27	7	22	19	42	54	48	90	78	78	0	11	0	91	109	78	28	44	23
c0f345d40f2e5387417a45bbdc0ce9f3	31	24	19	77	47	74	56	75	48	44	96	82	30	23	29	34	38	30	12	19	30	0	3	0	0	11	9	0	8	0	10	0	0	34	37	33	63	37	48	21	20	20	49	48	57	45	43	44	0	12	9	12	11	14	0	3	0	0	3	0	0	0	0	11	28	19	0	6	5	0	13	0
8204cfe93772b24acb360e0d7b83fbed	7	7	0	5	0	4	8	16	14	15	14	15	0	0	0	13	0	0	10	10	4	0	0	0	0	0	6	0	0	0	5	0	0	0	0	11	16	20	20	15	16	18	0	16	20	5	8	13	0	4	0	0	0	5	0	3	0	0	0	0	0	0	0	5	0	0	0	0	0	0	1	0
e040854976bce645789d20bc4dfe3609	9	8	5	12	6	6	13	26	21	25	35	44	12	11	10	24	30	36	0	7	7	0	0	0	0	5	0	0	5	2	8	0	0	16	13	15	18	21	28	18	14	17	34	38	24	39	35	20	0	2	0	9	11	0	1	3	1	0	0	1	0	0	0	0	8	7	0	3	0	0	0	0
f546512d63504edd93aa22ccfc649b80	9	23	7	28	19	20	38	28	31	33	33	20	8	0	0	32	21	9	0	0	5	0	0	0	0	0	2	0	0	3	0	0	0	0	0	0	14	33	25	10	13	17	0	27	24	24	0	24	0	4	0	0	0	0	0	0	0	0	0	0	0	0	0	0	0	0	0	0	0	0	0	0
9de1a2114ff9ed33039b3653d2e3663a	0	0	0	0	0	0	0	0	0	0	0	0	0	0	32	0	0	0	66	48	54	0	84	70	75	68	85	97	80	93	65	41	61	0	0	0	0	0	0	0	0	0	0	0	0	0	0	0	0	0	0	76	54	46	64	28	47	91	48	66	61	28	33	0	0	0	68	39	0	82	45	43
18a7e2901d6ae69fdc2aff22bd4c2534	7	7	6	13	8	9	6	0	10	22	8	12	12	0	0	0	5	0	3	0	0	0	0	0	0	0	0	0	0	0	0	0	0	3	5	6	7	11	0	5	0	0	0	4	18	14	13	8	0	0	0	1	0	0	0	0	1	0	1	0	0	0	0	0	0	4	0	0	0	0	0	0
276a02b2e82ce415a046a9055667f4e4	0	0	27	47	41	40	75	55	80	110	94	100	56	47	48	23	32	34	0	30	33	0	0	0	0	18	0	0	0	0	0	0	0	42	81	81	83	123	102	63	37	83	98	73	61	70	61	62	0	0	0	0	24	26	0	28	23	0	14	0	0	0	0	35	0	42	0	12	0	0	15	0
913f8a6a5a810171436b5d766e1af6fe	11	10	0	9	23	21	16	32	26	43	73	69	15	30	34	23	41	22	0	0	6	0	0	7	0	8	10	7	14	10	9	0	11	25	16	35	64	103	118	21	23	36	87	46	65	29	32	31	5	7	14	0	9	0	0	2	0	0	4	0	2	0	7	0	0	18	6	2	0	0	4	2
fa8d43e9b90ff7d18711100280081cde	0	3	8	17	19	25	15	8	19	24	14	18	15	13	0	11	0	0	0	5	0	0	0	0	0	0	0	0	0	0	0	0	0	9	18	0	0	8	0	15	9	11	0	11	0	10	12	8	0	0	2	0	0	0	7	3	13	0	5	0	0	0	0	2	0	8	0	0	0	0	0	0
9e1fd486c0e49ce9241f9315f4c2c337	0	3	0	21	23	38	12	16	27	63	59	28	13	13	0	22	22	0	0	13	5	1	0	0	14	1	3	0	9	4	11	9	0	34	27	37	61	54	58	18	19	7	18	22	22	23	30	34	4	0	5	0	5	0	0	0	0	0	0	0	0	0	0	0	0	0	0	0	0	0	0	0
ac453035af6f932c152fcc2a2698d5c0	18	22	15	12	0	12	40	40	22	58	34	53	35	46	26	72	71	48	0	0	7	0	0	0	0	4	0	5	10	9	0	14	0	22	27	28	39	36	38	27	26	22	53	42	29	33	36	37	7	6	0	12	9	14	11	5	0	0	0	0	0	0	0	13	13	0	0	9	0	0	0	0
72760d90d9a780920cd1a8d51a367048	78	69	56	36	66	83	64	117	111	102	125	173	37	48	67	52	61	48	0	36	30	5	9	3	0	14	14	12	25	23	8	0	14	74	88	78	76	93	103	67	72	68	101	91	103	76	65	90	13	7	25	21	36	45	0	7	0	0	7	6	0	8	5	22	28	17	16	14	0	0	0	3
e7850c553b2bf2dc5312e03c5cf92981	0	6	12	19	16	21	13	15	10	22	26	15	10	7	2	9	5	0	0	0	4	0	0	3	0	0	0	0	0	0	4	0	0	18	28	29	6	7	7	14	16	10	18	27	14	4	7	7	3	8	0	0	0	0	0	0	0	0	1	0	0	0	0	15	13	15	0	1	0	3	3	0
b06bd5f68389072d9e0e654e39fb6ecf	0	0	0	0	0	0	3	0	0	0	0	2	0	4	0	8	5	0	0	0	0	0	0	0	0	0	0	0	0	0	1	0	2	3	0	0	9	7	0	0	11	6	9	12	6	0	0	6	0	2	6	0	0	0	0	2	0	0	0	0	0	0	1	7	6	3	0	6	2	0	0	4
7ffc9f71c2659ac3faa879efe570e9ce	0	0	0	33	37	54	49	80	138	87	192	201	0	48	33	22	36	40	0	51	44	0	0	0	0	0	15	0	0	28	0	0	24	71	100	82	65	113	148	43	61	52	94	54	50	90	47	57	0	0	0	0	34	28	0	0	0	0	0	0	0	0	0	18	19	17	0	7	0	0	0	0
05a7624b9b547b9e7a80043afa4ebfb0	0	0	0	0	0	0	0	0	11	5	5	12	0	0	4	0	0	2	0	0	0	0	0	0	0	0	0	0	0	0	0	0	2	0	0	14	4	0	6	0	0	6	0	0	10	2	4	0	0	5	0	0	1	0	0	0	0	1	0	0	0	0	0	5	0	0	9	10	9	0	3	6
81dc435e4a6c87bac8f4046a6b755408	0	0	0	0	0	0	14	0	0	0	0	0	0	11	0	0	16	0	29	26	16	108	121	127	0	0	11	17	14	48	10	0	0	13	0	0	0	12	0	0	0	0	0	0	0	0	0	0	0	0	0	0	17	0	0	16	13	43	69	62	111	148	143	0	0	0	76	105	76	35	51	39
6e1f79c2d6f82e436a315fcd26d2661d	14	17	20	14	19	30	35	38	50	32	64	50	31	28	33	46	133	82	7	26	25	0	0	7	0	6	5	0	0	10	12	7	20	63	69	53	34	81	53	43	23	31	93	53	61	125	117	95	0	5	11	28	14	22	0	12	12	7	8	0	0	4	6	14	16	33	0	0	0	0	0	0
ee7bc23bde654983e9d191357e7d3a43	7	5	0	4	0	0	4	15	15	0	10	5	3	0	5	6	11	17	0	0	0	0	0	0	0	0	0	0	0	0	0	0	0	8	8	4	0	0	3	0	6	10	17	6	6	0	0	2	0	0	2	0	8	3	0	6	1	0	0	0	0	0	0	0	0	0	0	0	0	0	0	0
b3fa69f36db55f7ab10af40b3d7ce980	0	22	44	22	21	17	0	0	20	17	23	56	0	15	28	47	72	71	0	0	0	0	0	0	0	3	10	0	0	0	9	0	0	0	30	34	30	26	51	23	29	47	42	32	55	37	24	0	10	11	20	0	16	21	0	0	0	0	0	0	0	0	0	14	0	25	0	0	0	0	0	11
0815957979d722097abd648a16928512	19	36	22	40	30	48	49	54	39	82	57	51	100	87	75	37	23	24	18	8	13	20	22	9	9	12	9	9	11	18	10	0	5	162	166	124	93	94	111	104	113	123	222	224	183	93	96	91	26	29	24	32	27	23	31	32	13	9	7	8	11	15	6	88	89	95	18	19	14	7	13	13
b55945cf4b9e7897ef0f2dedace0a27f	0	0	0	0	13	0	5	17	10	9	12	22	3	3	6	11	11	11	0	0	2	3	0	0	0	2	0	0	0	0	0	0	0	19	23	24	19	23	17	11	14	18	26	20	16	0	17	18	3	0	11	0	7	0	0	2	0	3	0	0	0	1	0	15	9	9	0	1	0	0	4	0
86a602d45fae6ac205481af201a89281	25	29	48	45	18	41	20	142	160	37	49	62	177	475	535	23	34	43	3	3	13	9	1	6	0	9	9	5	7	12	15	5	5	67	84	139	87	52	48	44	42	58	61	30	61	68	57	66	21	34	29	24	36	36	3	4	4	6	6	11	7	5	5	32	25	14	12	13	16	12	3	10
1cdccdd1d2cb3ba2877d9eef62f176ea	0	0	0	0	4	0	0	0	7	2	0	0	0	2	0	3	0	0	0	0	0	0	0	0	0	0	0	0	0	0	0	0	0	0	6	0	3	0	0	0	3	0	6	0	0	0	0	2	0	0	4	0	0	0	0	1	2	0	0	0	0	0	0	0	0	0	0	0	0	0	0	0
45db914fe35afff88299f2a95a919fd7	3	0	6	4	6	4	12	39	44	29	37	47	31	17	14	29	53	44	0	0	6	10	0	3	0	0	6	0	7	6	0	7	9	42	71	51	27	16	22	20	9	19	23	27	46	13	13	3	4	8	13	16	9	12	0	4	0	3	4	6	8	7	6	7	17	19	15	12	4	11	4	21
f235279286d934de760385fb800088ad	4	6	0	0	6	6	5	11	5	9	15	19	4	3	7	3	7	5	3	0	0	0	0	0	0	0	2	0	0	0	0	0	0	10	4	0	0	6	0	8	14	9	4	8	0	0	9	7	0	5	3	0	1	0	1	3	0	0	0	0	0	0	2	0	10	7	0	2	0	1	2	0
0c1e8226f21eacee4d09a3a0870d5bda	0	10	7	11	3	5	14	21	17	8	17	16	16	18	15	27	12	11	4	6	0	7	0	0	0	0	5	7	4	3	2	0	0	29	25	29	14	31	21	41	27	47	31	37	39	17	29	29	10	11	7	5	10	13	7	9	10	0	3	0	0	7	0	11	10	15	0	9	0	2	4	3
4d14479ac300ccc23cd57363a7b72bce	18	28	32	5	10	14	20	28	19	29	47	47	9	15	17	24	47	43	0	5	14	0	0	0	0	0	8	0	0	0	3	0	0	22	12	35	10	13	0	9	14	20	26	35	36	7	13	12	3	11	2	0	5	0	0	0	0	0	0	0	0	4	0	0	12	0	0	5	0	0	3	0
2c19c314a07558489552c1154e05951a	0	0	0	11	13	0	7	14	35	21	28	46	0	0	0	13	15	0	0	0	0	0	0	0	0	0	0	0	0	0	0	0	0	22	22	0	22	0	0	11	16	28	0	21	22	0	12	12	0	5	0	0	0	0	0	0	0	0	0	0	0	0	0	0	0	10	0	0	10	0	7	0
7590edbdbb12f00d192f514cfcf60e97	20	22	12	32	33	39	30	33	28	86	63	79	32	34	21	68	54	38	26	18	20	8	7	12	6	0	7	4	18	7	7	9	14	96	94	105	48	65	58	62	70	52	95	96	77	55	64	54	13	17	15	17	23	10	14	21	15	0	8	4	11	14	2	90	95	76	7	9	7	7	13	7
23fab3310466a42357a819a1d45f89aa	10	10	0	7	0	0	8	16	16	18	28	16	31	36	22	13	9	12	0	0	0	0	3	6	0	0	0	0	0	0	0	0	0	31	48	27	25	20	31	37	32	33	40	32	25	25	13	10	13	8	10	0	16	8	8	11	6	0	4	0	0	9	0	12	18	0	0	0	7	0	0	0
f586c537b8dc7a783951227da78262bf	15	22	12	25	42	26	76	107	110	73	128	111	43	79	63	42	35	17	25	23	22	20	10	21	13	9	18	9	22	29	13	17	0	80	78	96	59	105	69	87	131	176	124	95	98	50	61	75	25	27	26	21	29	25	12	26	18	4	17	7	0	10	5	66	31	35	16	13	14	8	12	16
d3eb7140ab8b194a4eb71a2f79b31d30	25	9	10	0	0	6	16	25	38	29	56	48	23	26	39	18	18	15	0	0	0	3	1	0	0	6	0	0	0	2	7	7	11	27	34	23	40	27	30	10	18	12	15	14	11	18	17	22	3	9	14	5	6	0	0	5	0	0	0	0	1	0	0	18	9	14	9	17	17	4	3	4
74367d7df37d9ef9a814567818a66416	12	15	13	5	0	4	0	0	10	0	11	0	0	0	13	11	15	10	0	5	0	0	0	0	0	0	0	0	5	0	0	0	0	0	0	28	0	0	24	0	16	15	0	15	0	0	11	12	0	0	0	0	6	0	0	0	0	0	0	0	0	0	0	0	0	0	0	0	0	0	0	0
4f3abe4d0edb72183e765134924bb89c	3	0	0	2	4	3	9	17	11	20	16	22	13	11	10	19	0	5	5	1	7	2	0	0	4	0	3	0	0	0	1	1	1	13	16	29	19	8	15	8	7	0	6	18	19	12	8	20	1	9	0	2	1	0	2	0	3	0	0	0	0	0	1	7	6	0	0	6	0	0	0	0
7cd268ca13b46872c673cc99f8afabf4	0	0	0	5	0	0	13	11	12	13	26	22	4	11	0	3	13	8	9	0	0	0	0	4	0	0	0	0	1	0	0	0	0	13	11	0	26	15	0	17	18	8	8	20	15	8	14	11	2	3	0	6	6	0	7	0	0	3	4	0	0	0	0	0	0	10	7	5	0	0	0	0
b691c07c83674e1f3e8de79139d1f994	0	0	0	0	0	0	0	0	0	0	0	0	58	63	63	0	0	0	81	80	71	115	131	174	134	106	133	152	148	175	100	92	84	0	0	0	0	0	0	0	0	0	0	0	0	0	30	20	25	0	0	140	70	86	170	86	79	160	111	143	146	103	104	0	0	0	181	89	110	119	91	74
60ec83fadcc620241e16c0bf2723c2cc	0	0	0	3	0	0	19	30	19	38	26	25	0	0	7	4	0	6	0	4	4	0	0	0	0	0	0	0	0	0	0	0	0	0	0	0	9	22	0	0	11	0	0	7	6	14	8	0	0	0	0	0	0	0	0	0	0	0	1	0	0	0	0	0	0	0	0	0	0	0	0	0
1ee9f97939c8f43d8304164e7c426203	0	0	0	0	0	0	0	9	10	19	15	13	4	0	17	7	11	11	0	0	0	0	0	0	0	0	0	0	0	0	0	0	0	0	23	0	0	17	14	0	0	5	18	0	0	5	0	11	3	0	0	0	8	0	0	0	0	0	0	0	0	0	0	20	0	0	0	6	11	5	7	0
a8681fd88dba7079c96c65c826c83266	0	0	0	0	0	0	13	12	0	19	39	25	48	44	39	8	18	0	53	35	49	83	51	58	29	15	35	9	16	27	14	0	15	0	0	0	35	35	42	24	23	19	0	21	0	27	21	21	34	26	43	34	48	62	23	40	34	53	84	72	0	15	9	21	20	0	0	10	0	9	22	18
4eeeb5d1916dbed8a82c5bf3cf35c4ab	33	27	0	27	25	21	73	43	47	114	97	83	114	103	104	59	55	36	31	25	15	19	19	18	22	12	18	0	31	27	0	19	13	146	197	206	136	117	156	130	123	111	149	163	157	73	93	87	32	38	37	40	49	39	29	43	24	0	12	0	13	11	17	116	185	97	29	30	31	24	36	30
3cad8ae40c6ceef630d56ad511891226	1	0	0	0	7	9	0	4	7	0	7	17	0	0	2	4	14	8	0	2	0	0	0	0	0	0	2	0	0	1	0	0	0	0	0	0	0	0	9	0	0	5	8	4	4	0	0	6	0	0	0	0	0	0	0	0	0	0	0	0	0	0	0	0	0	0	0	0	3	0	0	1
4af34e31f4f29f5372246db273985eb8	383	311	288	153	148	178	335	311	271	437	396	386	327	297	283	272	181	140	65	47	40	54	43	34	37	33	35	43	61	59	28	37	37	560	597	607	289	354	385	277	270	259	514	511	529	281	339	377	57	83	71	102	156	138	37	61	38	32	39	37	24	33	25	68	93	51	39	50	32	28	54	38
267e0e8f26c5996c16cd865ccf62805d	0	13	15	12	24	27	20	17	10	31	29	24	24	19	13	34	29	31	0	0	0	9	0	0	0	0	0	0	0	0	0	0	0	40	38	51	26	17	25	21	15	26	17	26	54	19	24	39	11	15	11	3	8	10	0	10	5	0	0	0	10	10	0	26	30	36	0	10	7	0	5	0
41596c6a8f600b71600f6a8a0e595dae	0	0	0	5	2	5	2	5	6	0	4	15	5	3	2	6	0	4	0	1	0	0	2	0	0	0	0	0	1	0	1	0	0	0	7	4	0	4	6	3	0	9	8	5	11	4	0	7	0	0	0	0	5	0	0	2	0	0	0	1	0	0	0	0	1	0	0	0	0	0	0	1
834368bfe02023cc0870fa2a6f48e1a1	0	0	0	0	0	6	0	0	0	12	5	11	18	10	10	50	25	34	0	12	0	0	4	0	0	0	0	0	0	0	0	0	4	18	16	0	13	0	7	45	34	27	15	21	13	7	14	6	0	0	5	2	11	0	0	9	0	0	1	0	0	1	1	18	21	15	15	10	13	0	0	0
8e42b9c163a75f8ab19dfbc4d8fd80e6	0	0	44	0	61	69	0	85	157	115	156	199	76	32	47	30	60	49	0	41	0	0	0	0	0	0	0	0	0	0	0	0	0	123	90	106	108	137	120	78	0	57	94	52	83	102	48	0	0	0	0	43	24	0	0	0	0	0	0	0	0	0	0	0	45	0	0	0	0	0	0	0
2449ea68ca0d07550f1eecf37c2e5f5e	24	10	33	18	18	22	20	38	33	52	32	32	33	55	40	59	37	23	0	0	3	0	12	6	0	0	0	0	15	12	10	0	14	100	133	73	48	79	65	57	38	58	63	80	85	33	45	57	18	15	12	28	20	17	9	10	13	7	6	20	0	0	6	67	54	38	0	14	0	0	8	13
af0cd79514e465686bfe109e161c6c3b	29	14	36	12	12	7	0	25	18	0	21	0	12	16	16	16	15	16	0	8	0	0	0	0	0	5	5	0	0	0	0	0	0	12	22	0	10	16	28	0	9	0	26	20	22	0	9	21	0	0	0	7	5	0	5	2	0	0	0	0	0	0	0	0	0	0	0	0	0	0	0	0
ac367cf0dc3daecdf909e7e913635c51	0	0	0	0	0	0	0	0	0	0	0	0	0	35	0	0	0	0	1054	999	1124	136	165	172	98	181	183	62	62	68	31	0	0	0	0	0	0	0	0	0	0	0	0	0	0	0	17	0	0	32	0	82	77	85	162	214	175	61	72	66	0	20	22	26	27	0	22	35	0	37	56	74
fbbf88e488ac91ed9b9a6f5a96aae962	0	0	0	7	0	10	14	21	21	21	28	27	8	0	0	5	0	20	4	9	12	0	0	7	0	0	4	0	0	0	0	0	9	19	0	0	24	25	18	16	9	16	31	21	26	39	46	27	0	0	9	0	6	0	0	9	5	0	0	0	0	2	2	0	11	0	0	0	0	0	0	0
e20aa623bf8508fc485e090ce2947e67	0	0	0	0	2	0	11	9	15	25	41	41	8	12	22	29	80	67	12	37	34	0	3	0	0	0	0	0	5	5	6	0	0	33	39	25	37	38	28	9	7	9	17	22	11	24	29	18	2	5	8	0	8	0	0	8	0	0	2	0	0	0	0	0	11	4	0	4	8	9	0	5
0c38588ef6ab0e725937e998fdfd7e61	0	0	0	0	0	4	8	0	6	4	9	6	7	4	5	11	0	0	0	0	3	0	0	0	0	0	0	2	1	3	0	0	0	10	0	0	10	7	17	22	3	20	0	16	23	0	12	12	0	14	8	0	0	0	0	0	10	0	0	0	0	0	2	15	10	0	6	3	5	0	1	0
5eafd5ddacf25d3eaced013a98338a80	0	0	0	0	0	0	3	0	0	13	0	0	0	8	9	11	0	0	0	0	0	0	0	0	0	0	0	0	0	0	0	0	0	0	0	0	0	11	0	0	0	9	0	8	0	0	5	0	0	6	0	0	0	0	0	0	0	0	0	0	0	0	0	0	0	0	0	0	0	0	4	0
c8882f57f86897965c2f1023930d2d85	0	0	8	1	3	0	35	0	25	0	50	36	72	46	59	26	22	17	0	6	7	12	11	3	0	0	0	0	0	0	5	0	0	32	25	18	16	18	15	15	30	15	31	22	0	25	22	45	0	17	14	18	18	0	7	9	0	0	0	4	0	0	0	19	0	0	0	0	0	0	0	0
911171204cddb834e751e72371f0bc6b	0	0	7	0	7	6	2	3	10	0	7	0	0	6	5	3	3	9	0	0	0	0	0	0	0	0	0	0	0	0	0	0	0	6	7	8	6	0	9	6	4	13	13	2	10	9	6	7	4	10	0	0	2	0	0	1	0	0	0	0	0	0	0	5	0	8	0	1	2	0	0	0
5fd4aaf3848484e94332f35c2d1be4b8	62	61	40	24	18	15	73	86	55	118	115	126	65	73	68	204	133	107	25	21	15	8	8	7	13	14	7	9	13	9	11	11	10	156	175	152	70	125	116	68	78	73	121	151	105	93	96	104	19	16	25	24	30	15	12	10	18	7	16	7	0	14	10	102	74	87	22	26	19	8	11	15
04dab51e365237e21370e1971820f32a	950	596	668	824	523	574	2660	1884	1716	3099	1984	1848	8193	7965	7343	1034	985	894	30170	26407	26029	20482	20616	20023	34619	32935	32801	32914	31799	31790	40834	41998	41048	1624	2205	2085	2146	1496	1315	1498	1237	1073	1848	1871	1537	3524	3498	3225	2661	2779	2634	17961	14509	16234	21004	17436	19634	27136	24990	27363	40338	36493	39064	4824	6345	6547	19434	17720	19144	10863	10847	10493
fee0472be80a1cd822e9ae6451a51ea8	27	24	16	77	88	121	128	110	99	195	194	187	161	119	146	109	98	75	32	22	23	20	13	13	18	19	15	31	33	30	18	22	16	340	378	287	229	246	214	173	194	198	221	265	221	192	191	171	38	31	51	42	49	48	31	40	37	11	12	12	9	10	10	225	227	196	18	34	34	11	26	19
7ac1083da22f774e7ffc1392a855f7fe	8	11	16	5	3	5	4	10	14	5	0	9	0	0	4	5	15	19	0	0	5	0	0	4	0	0	0	0	0	0	0	0	0	11	10	8	0	0	9	0	9	7	8	6	16	10	9	15	0	2	2	0	5	4	0	2	0	0	0	4	0	0	0	8	4	0	0	0	0	0	4	2
a0198e7b66cadc9e11a4a715dfcd6f69	0	0	0	3	0	0	8	12	18	10	15	14	4	10	5	5	12	8	0	0	7	5	0	2	0	0	0	0	0	2	5	0	0	20	32	58	15	12	17	7	10	16	22	12	25	8	5	22	1	12	5	4	9	8	1	2	0	0	0	0	0	0	0	5	9	7	13	11	10	6	5	0
f3549a1b819e93a2958352b4e4875eb2	0	0	0	0	0	0	0	0	10	0	0	4	0	1	4	0	0	3	0	0	0	0	0	0	0	0	0	2	0	0	0	0	0	7	0	8	0	5	8	0	0	4	0	0	3	0	0	3	0	0	0	0	0	0	0	0	0	0	0	0	0	0	0	0	0	0	0	3	0	0	0	3
de90f73d617289082a9be7f051e7caab	7	0	11	14	12	15	0	18	9	10	40	26	0	12	0	20	19	14	0	7	0	0	0	0	0	0	0	0	1	0	0	7	0	10	0	18	24	25	0	0	0	9	0	15	17	15	0	12	0	0	0	0	9	13	0	0	0	0	0	0	0	0	0	0	0	0	0	0	0	0	0	0
cc7de5273a50da18754a8704ee7cec1f	22	23	21	10	10	0	16	13	11	15	33	15	15	8	0	14	23	18	0	3	4	0	0	0	0	0	0	0	0	0	0	0	9	10	11	17	13	17	0	0	9	8	27	18	12	11	13	10	0	0	4	0	11	8	0	0	0	0	0	0	0	0	0	4	0	4	0	0	5	0	0	0
153bf2d6d56effc98d65ecd3d9bf754f	120	109	119	32	22	38	29	69	66	68	123	88	21	24	15	91	92	115	27	10	19	0	0	0	0	14	16	0	6	0	20	20	20	40	33	33	47	52	43	36	19	33	140	98	100	97	81	81	8	7	0	20	29	20	0	0	10	0	6	0	0	0	0	19	0	20	0	0	0	0	4	0
fd57fa515d76c37e55046647efa47e74	0	9	0	0	0	0	18	19	0	26	27	19	9	18	17	21	21	10	9	0	0	6	0	0	0	2	0	0	5	0	6	0	0	45	38	36	0	26	29	25	7	21	0	36	27	16	22	21	5	7	8	0	12	0	4	4	0	0	4	0	0	2	0	9	0	0	0	0	0	4	4	0
9e07a0a34d5a69b1cde8b8d7406d9dc4	0	15	17	19	12	25	0	10	36	24	25	11	0	18	19	19	22	23	0	0	10	0	0	0	0	0	5	0	0	0	0	0	0	21	23	0	14	20	12	16	0	22	0	15	27	19	25	21	10	7	0	0	0	0	0	0	0	0	0	3	0	0	0	12	0	0	0	0	0	0	0	0
9d895c0636127e64eb577b99ee895738	0	5	0	4	8	4	5	7	9	7	9	3	1	0	0	0	4	0	0	0	0	0	0	0	0	0	0	0	0	0	0	0	0	11	0	14	0	0	0	0	5	6	6	7	8	6	7	0	0	0	0	0	0	4	0	0	1	0	0	0	0	0	0	0	4	0	0	0	0	0	0	0
8df9405b8e587e47198216534586c7e2	26	25	31	33	34	22	52	69	75	62	89	83	37	34	27	12	26	0	0	10	9	20	5	0	17	14	19	12	21	22	12	21	0	68	91	66	78	87	77	70	48	42	92	85	50	69	26	53	0	0	0	25	23	20	0	20	21	12	4	0	0	0	0	17	34	29	0	16	0	16	11	0
18af12a131ef475884a1ed5a5091d8cd	11	15	8	3	3	6	5	5	10	7	5	7	6	0	3	6	12	4	0	0	0	2	0	0	0	0	0	0	1	0	0	0	1	5	6	5	0	7	0	13	19	20	0	13	17	6	5	0	3	0	0	0	6	0	0	2	0	0	0	0	0	0	0	7	4	6	0	0	0	0	0	0
6539d75a011b2d4e14a50961ea882392	0	0	0	0	0	0	4	0	7	4	0	7	7	0	1	0	0	4	5	0	0	0	0	0	0	0	0	0	0	0	0	0	0	17	11	0	0	5	10	0	2	6	0	3	3	0	1	0	0	0	0	0	1	0	0	0	0	0	0	0	0	0	0	3	0	4	0	5	0	0	4	0
1dc008da297a2e8456a82367654201d3	20	0	20	20	14	8	27	16	30	30	41	35	0	9	0	0	25	28	0	0	0	0	4	0	0	0	0	0	0	0	8	12	11	44	27	42	0	41	0	47	51	44	0	0	38	29	24	30	13	0	20	0	0	0	0	16	0	0	0	0	0	0	0	43	40	33	12	15	0	0	1	11
7659cc4afbfc85f1e19291741321851a	0	12	12	10	12	8	0	38	40	36	45	65	13	28	13	34	35	21	0	0	20	0	0	0	3	0	7	0	0	9	0	0	10	37	0	0	34	37	30	29	0	40	69	40	30	31	31	33	3	0	0	0	11	15	0	0	5	0	0	0	0	0	2	19	15	30	13	8	0	3	0	0
27ff0dc63d46ba2ba42ff4946ba26f65	12	0	0	6	0	7	25	20	18	17	14	11	20	19	20	0	11	0	187	191	169	245	306	269	524	573	506	386	370	321	121	102	85	9	0	14	0	13	11	0	0	0	0	13	0	22	17	0	0	0	3	62	55	60	47	52	59	186	164	126	167	181	125	0	19	0	81	84	102	59	65	56
a761c29509cc783c2c050311d48ffde7	15	10	11	21	13	12	31	46	56	66	86	56	24	23	36	30	33	24	0	7	8	0	0	5	0	4	4	7	12	8	7	9	5	73	58	49	31	62	47	78	62	75	58	44	37	68	56	56	0	12	12	21	33	35	20	18	23	0	9	0	0	8	2	9	17	21	11	11	8	0	5	9
ea98643d2c147f3f2424da82995394a2	10	14	0	0	11	0	20	29	29	19	46	66	0	21	0	11	18	0	0	0	15	0	0	0	0	0	0	0	0	0	0	0	0	38	28	25	36	24	19	29	19	20	36	31	19	32	27	30	0	0	0	12	15	0	0	0	0	9	0	0	0	0	0	0	10	0	0	0	0	0	0	0
d2452c642d3494cf2fd17a15059832a6	33	18	18	7	9	12	12	9	12	23	0	21	10	12	16	55	54	43	4	0	0	0	0	0	5	0	5	0	0	1	3	3	4	22	32	0	31	29	27	15	14	20	27	30	25	18	25	33	1	7	1	3	13	7	0	0	0	0	0	0	0	0	0	8	13	7	0	6	2	0	4	0
c64bcc231b9fe2fddd659a0e72e67bdc	7	10	10	0	9	12	0	0	0	0	0	0	2	4	0	14	10	7	0	0	0	0	0	0	0	0	0	0	0	0	0	0	0	5	8	0	0	4	4	0	6	9	13	11	15	7	7	7	2	4	0	0	5	0	0	2	0	1	0	0	1	0	0	0	0	0	0	0	0	0	0	0
736631b790b572b9676f7ea98b94fb1c	0	0	0	9	0	0	8	9	0	0	19	13	7	0	0	0	0	0	0	0	0	0	0	0	0	0	0	0	0	0	0	0	0	0	0	0	8	0	0	0	6	9	17	15	9	9	0	9	0	0	0	0	0	0	0	0	0	0	0	0	0	0	0	0	0	0	0	5	0	0	0	0
66cc8e78dd24670b8129693c14362555	51	29	20	0	0	0	0	0	0	0	0	0	63	49	30	0	0	17	216	162	146	74	70	46	197	184	167	241	228	175	805	757	567	29	0	0	0	0	0	0	0	0	0	0	0	0	39	26	0	0	0	46	38	32	199	178	121	125	111	90	216	193	131	27	49	0	77	79	53	0	24	18
88a3cfb85215c59d21f4612de12b28bc	0	0	1	0	0	0	2	0	15	7	2	18	2	9	6	2	3	12	0	0	3	0	0	1	0	0	0	0	0	1	3	0	7	8	0	20	7	0	13	0	0	8	0	0	13	2	0	5	4	1	0	0	2	0	0	0	0	0	0	0	4	0	0	3	0	9	8	2	6	0	4	12
8febaed55b77690e92e5a8e771240882	0	2	3	6	5	0	5	9	12	7	15	14	2	5	4	8	12	1	0	6	0	0	0	1	0	0	4	0	0	3	0	4	0	14	24	20	11	6	9	5	12	17	8	12	11	13	10	15	2	3	3	4	5	2	0	1	0	2	3	0	0	2	0	6	0	0	0	0	0	0	3	0
a1f7912be3a8f29078e45ea3c7ea7829	1	2	5	7	10	15	2	0	41	8	8	30	4	2	11	6	0	6	0	2	6	0	0	3	0	0	0	0	0	1	1	0	1	18	13	29	13	7	14	0	2	9	0	3	27	10	3	22	2	9	7	7	3	7	3	2	2	0	2	2	4	0	1	1	5	8	7	4	9	0	1	0
2b205766fa4bdd098cb18e0b9008a2f6	0	0	0	0	0	9	12	21	19	21	32	32	4	8	0	0	20	24	0	0	0	0	2	0	0	0	4	0	0	0	0	0	0	6	0	14	17	14	12	0	0	7	0	19	0	11	11	18	0	1	3	0	9	6	0	0	0	0	0	0	0	0	0	0	0	0	0	0	0	0	0	0
1b90a117a1487dd61a86f7b60cc48c61	0	0	0	0	0	0	8	10	6	0	12	9	0	5	4	11	0	8	0	0	0	0	0	2	0	0	0	0	0	0	0	0	0	0	9	0	0	0	15	0	6	5	0	6	10	0	0	16	0	3	8	0	0	0	0	0	0	0	0	0	0	0	0	4	0	0	0	0	0	0	0	0
ba303f1a23c06bab766fb934041ac1b1	0	0	0	9	2	0	4	11	19	17	24	17	8	4	3	7	0	5	0	3	5	0	0	0	0	0	6	0	7	0	0	0	5	0	7	4	22	34	26	3	7	8	0	11	9	11	10	8	4	0	0	0	0	0	0	0	0	0	0	0	0	0	0	5	0	0	0	6	0	0	1	3
239875f09754862c9df2d7da7e590356	0	0	0	11	0	0	22	34	28	28	30	0	10	16	13	25	31	25	14	8	0	0	10	0	0	0	0	0	0	0	0	0	0	18	21	18	22	13	18	26	9	18	23	13	12	19	6	0	0	0	12	0	0	0	0	0	0	0	0	0	0	0	8	0	0	0	0	0	0	0	0	0
7224c067dc1fc206dfe76df2017c5161	0	19	28	0	10	18	10	0	17	18	27	30	14	11	14	22	23	22	9	5	9	0	0	5	9	4	0	0	0	8	0	0	0	25	0	41	21	33	20	18	0	20	31	32	32	33	18	21	0	0	0	0	0	15	0	0	0	0	0	0	0	0	0	3	8	0	0	0	0	0	0	0
da042f29b54aa5825ce776eb1b0be66b	10	15	21	11	16	25	12	18	13	22	18	20	13	11	5	22	25	14	7	0	6	0	0	0	0	6	7	0	0	2	5	0	7	7	0	0	11	22	22	0	9	0	25	18	37	15	11	12	2	0	3	0	0	0	0	2	0	4	0	0	0	0	0	0	0	0	0	0	0	0	0	0
2d92ea17d7478f0838cdc444eb4ddff1	45	42	65	34	22	34	35	36	49	36	64	57	27	53	41	33	49	45	0	18	0	0	0	0	0	14	12	0	0	0	6	0	0	55	85	68	26	27	25	36	45	44	42	66	44	45	52	54	0	17	0	12	36	23	0	24	20	0	7	0	0	8	0	32	44	38	0	7	10	0	5	9
743e8bef0456152bbea5abf6e2f655fa	0	0	0	16	37	59	22	83	84	95	151	174	22	39	46	41	34	35	0	15	9	0	0	4	0	11	6	0	9	8	11	6	17	115	102	78	84	111	117	26	36	43	84	58	57	79	58	41	0	5	0	14	29	30	3	9	0	0	0	0	6	0	0	10	0	17	0	7	0	0	8	5
1d42ab228c6b5321462581a2da4df052	12	13	14	12	11	5	0	9	12	10	12	0	0	10	0	0	14	0	0	0	0	0	0	0	0	0	0	0	0	0	0	0	0	13	28	19	0	6	11	0	17	15	20	30	25	0	16	0	3	0	0	0	9	0	0	0	0	0	4	0	0	4	0	13	0	0	0	0	6	0	0	0
3cdf805293fb1b2ab0560d756843211a	25	10	28	25	32	59	22	26	23	60	40	43	39	33	34	53	30	44	14	13	15	0	5	8	16	8	11	8	11	17	9	14	8	51	82	79	39	15	22	38	37	71	34	70	89	37	43	58	14	25	30	13	9	16	13	15	13	2	8	7	0	0	9	51	61	63	9	10	0	0	11	10
c0ecf42cbfac579021e5b132a97b1e40	0	2	3	0	0	0	13	7	0	13	16	9	13	11	7	11	16	15	0	4	0	0	0	0	0	0	0	0	0	0	0	0	0	30	15	20	11	0	18	11	13	9	19	23	24	9	4	10	6	0	7	2	0	0	0	1	0	2	0	0	0	0	0	24	18	19	0	4	4	0	0	0
79eb10ac87d2ed06ae278bd24c33db8b	4	14	14	2	0	0	0	0	3	2	0	0	0	0	8	4	0	4	0	0	0	0	0	0	0	0	0	0	0	0	0	0	3	3	0	5	0	0	4	1	0	0	8	7	10	0	0	4	1	0	5	3	0	1	0	0	0	0	2	0	0	0	0	0	0	0	0	0	0	0	0	0
acacace530b375cbe24a801bbc51c1ae	23	66	77	17	21	30	150	275	321	576	767	887	159	240	228	200	241	272	65	197	225	21	20	36	6	9	25	45	34	79	134	86	171	593	526	662	712	384	545	251	205	300	349	314	378	491	278	361	14	22	35	138	116	115	39	113	77	47	20	10	32	46	43	243	200	190	162	147	112	87	151	149
a73e77df2650d70684fda0a03a7dfe58	0	0	0	0	0	0	0	0	0	7	0	0	0	0	0	0	0	0	33	27	16	52	65	52	72	113	106	5	10	8	15	18	18	6	0	0	0	0	0	0	0	0	0	0	0	0	0	0	0	0	0	0	9	0	8	7	0	7	16	10	0	9	4	3	9	3	0	4	2	8	7	5
5f656c0a7d69e40e2bd55782f1a0aaaa	2	0	0	0	0	0	0	0	13	16	9	24	15	9	12	11	20	18	4	0	0	0	0	0	0	0	0	0	0	0	8	5	6	19	0	17	31	25	23	0	4	9	17	16	18	28	18	16	0	2	0	0	0	0	0	3	1	0	0	0	0	0	5	0	0	0	0	6	0	0	6	6
7d940580b38b5a050f60acf7c20a35af	2	4	4	10	2	3	11	8	11	7	12	13	5	4	5	2	15	15	0	11	11	0	0	0	2	0	0	0	0	0	0	0	4	10	10	15	6	6	12	10	8	13	10	0	4	26	32	22	0	3	0	0	2	1	0	1	1	0	0	0	0	0	0	3	0	5	0	0	0	0	1	0
cc285bb0139c8063119b25548a89e7b3	0	0	0	0	0	6	4	0	32	0	14	33	0	0	22	4	0	45	2	0	7	0	0	0	0	0	0	0	0	0	6	0	0	0	0	20	10	12	46	0	0	12	0	0	18	0	0	43	0	0	0	0	0	0	0	0	0	0	0	0	0	2	4	0	0	0	0	0	4	0	0	4
890574a1d32d4b541ba46c74f3dfc221	0	0	0	0	7	5	16	26	15	21	37	25	18	13	21	13	13	0	0	13	0	8	0	7	0	8	7	0	0	0	0	0	0	14	15	22	20	17	20	14	14	17	15	0	23	23	20	25	0	0	0	0	5	0	0	3	0	0	0	0	0	0	0	14	0	8	0	0	0	0	0	4
e3ceef9bed6f4fac32846fb43e66b27d	0	0	0	9	12	14	0	0	11	0	24	0	6	15	14	0	24	9	0	0	2	0	0	0	0	0	0	0	0	0	0	0	0	0	35	27	0	0	34	0	9	10	0	15	26	0	11	19	0	10	9	0	1	0	0	6	0	0	0	0	0	1	0	0	18	0	0	0	0	0	2	0
e2c7d1e4dc262aa9c275dcdd930faf94	0	0	0	0	0	11	12	24	24	16	24	24	0	22	16	11	28	16	0	0	0	0	0	0	0	0	0	0	0	0	7	6	0	29	18	30	26	23	17	15	11	17	23	16	19	21	19	15	14	4	17	9	17	11	0	0	0	0	0	0	0	0	0	10	8	17	0	0	0	0	0	0
551f51e1a5e7c514daabfbae09604852	128	149	164	51	47	59	90	107	111	163	292	239	44	78	73	87	103	91	26	26	26	7	9	10	5	14	21	14	11	17	37	40	38	118	82	82	167	197	177	213	245	245	338	244	242	398	343	370	9	20	26	90	165	148	16	36	18	13	20	14	19	21	15	13	24	22	10	19	19	11	7	12
f6d9f052c7bec26aade0c3206322e598	8	7	6	7	13	9	14	9	18	36	24	27	20	31	33	26	26	29	0	11	13	0	0	5	0	7	0	4	5	0	0	0	0	46	58	70	37	38	62	35	50	39	31	52	43	31	31	27	7	11	27	0	14	21	8	17	12	0	0	0	0	0	6	38	44	40	8	6	0	0	5	4
289604a956dfdb52393bb2f67bd0a5b2	79	99	61	21	32	14	138	127	97	217	178	173	438	459	365	103	78	64	50	38	38	85	89	63	21	19	23	20	33	32	22	23	23	334	312	266	188	294	309	161	144	118	281	268	259	143	183	174	162	169	172	62	79	57	60	73	74	24	41	38	27	36	28	159	169	168	61	73	68	21	43	43
e82b5455efe5c54d69af1152c5c7461a	11	15	8	0	9	14	47	31	34	25	43	28	26	26	14	36	34	24	0	8	4	0	0	0	2	6	0	0	0	5	11	21	15	25	39	39	36	31	40	29	22	17	47	28	40	27	37	32	0	5	15	12	14	18	6	8	0	4	3	7	0	3	0	16	28	20	7	6	15	10	7	0
96a2409fb396a0bc8245434511705399	60	65	116	0	12	16	92	143	166	156	260	274	83	153	182	114	148	161	17	60	88	14	17	17	0	9	17	7	17	12	43	49	65	286	214	274	182	112	95	91	63	106	121	133	132	137	44	108	6	27	11	19	18	27	10	36	27	9	7	5	13	12	14	79	85	104	78	89	62	29	29	39
cbf229511be6ae41b0f88a92b7bd3e7b	4	7	3	5	0	3	0	0	6	0	7	0	3	0	7	0	2	0	0	0	0	0	0	0	0	0	0	0	0	0	0	0	0	0	0	0	0	5	0	0	1	5	0	0	0	1	10	0	0	0	4	0	0	0	5	0	0	0	0	0	0	0	0	0	0	0	0	0	0	0	0	2
44396f15b10f6577d61a11c6047c939f	3	0	4	0	6	2	0	4	0	0	7	5	0	0	5	5	5	3	0	0	0	0	0	0	0	0	0	0	0	0	0	0	4	0	0	0	0	5	5	1	0	5	0	5	13	0	0	11	0	2	3	0	4	3	0	0	0	0	0	0	0	0	0	0	0	0	0	0	0	0	0	0
739e5e638aa77b51a263383cf5a3f67e	3	0	0	2	7	10	8	16	14	13	13	12	6	6	21	10	13	5	0	1	4	0	3	3	0	0	3	0	0	3	0	0	6	6	14	16	17	12	15	6	7	9	10	13	12	4	10	9	0	0	8	3	0	6	3	1	3	0	0	0	1	3	0	5	8	8	0	2	0	0	1	3
0303dc555b31872cda344767f1a5ce02	40	25	31	15	27	17	17	39	31	51	41	33	34	39	36	14	7	13	0	0	5	6	0	9	0	12	10	0	8	18	6	0	7	40	41	41	33	49	43	27	33	59	39	34	37	30	34	30	5	4	8	10	17	19	4	11	0	4	6	9	0	7	4	19	25	17	0	4	3	2	0	6
ba65f3548591e72bc7e02e3cc8b5737e	10	8	0	8	0	0	23	26	0	20	27	0	26	20	18	7	24	11	192	222	204	675	580	652	265	522	681	482	678	742	250	206	191	30	44	30	41	17	18	24	24	17	36	36	27	38	19	25	37	38	29	191	232	202	500	649	648	541	448	349	490	604	596	37	57	39	172	188	140	203	287	287
426dd871f8d3ccc91742ae4956d29f54	0	0	0	0	3	0	0	3	13	1	4	4	6	0	7	7	0	11	0	0	0	0	0	1	0	0	0	0	0	0	1	0	3	6	6	12	2	2	10	0	0	3	3	4	11	3	3	10	0	0	0	1	1	0	0	0	0	0	0	0	0	0	0	2	0	7	0	9	5	0	3	10
82da8ef2bba51651816fd9ed46cb515e	0	0	0	0	0	1	0	4	5	17	13	26	3	5	0	0	0	0	0	0	3	0	0	1	0	0	0	0	0	0	0	0	0	0	0	7	0	0	9	0	0	0	0	6	13	12	0	0	3	1	2	0	0	0	0	1	0	0	0	0	0	0	0	0	0	0	0	0	0	0	1	0
67146f3d65fa3873e247c6a6064b90e6	33	50	62	51	34	36	105	124	144	99	229	174	42	96	108	88	115	95	25	45	52	14	7	16	4	16	20	15	33	39	19	31	37	171	131	158	107	203	183	75	133	136	244	137	114	150	158	138	15	18	28	41	93	61	17	26	28	13	15	17	6	10	16	57	41	44	24	18	16	10	11	25
3ed85730c8d602fc5c06b03c9bd63aab	0	0	0	0	0	0	2	3	0	0	2	0	0	4	0	4	3	4	0	0	0	0	0	0	0	0	0	0	0	0	0	0	2	3	1	0	2	0	0	4	1	0	0	0	7	0	0	3	0	0	0	0	0	0	0	0	0	0	0	0	0	0	0	0	1	0	0	0	1	0	0	1
2672cfbac5851ace5f775fd93d7959a4	0	6	33	0	4	6	0	5	15	0	5	7	0	4	6	3	6	7	0	0	0	0	0	0	0	0	0	0	0	0	3	4	9	8	0	0	5	3	9	0	6	0	9	0	10	0	0	7	0	2	1	0	3	0	0	0	0	0	0	0	0	0	0	3	0	0	0	0	0	0	0	0
4da47429dfe3803c7ec229c17ee6d062	0	0	0	0	0	0	0	9	0	6	8	9	7	0	0	18	26	32	0	0	0	0	0	0	0	0	0	0	0	0	0	0	0	8	7	0	4	0	0	6	0	0	0	0	13	9	0	8	4	0	0	0	0	0	0	0	0	0	0	0	0	0	0	0	0	0	0	0	0	0	0	0
e6a265a7acd356c1afd00034f952653e	0	13	15	14	21	33	15	32	27	28	77	75	10	28	27	12	22	12	0	0	5	0	0	0	0	0	9	0	0	0	10	0	0	60	45	33	20	44	56	25	11	30	68	25	42	24	0	16	0	0	0	5	14	0	0	7	0	10	0	0	0	0	0	0	11	18	29	14	14	0	0	12
1b0cd5d5f6100fc0fd3faf767c797cda	0	0	0	0	0	0	0	0	5	0	0	7	0	0	8	0	0	6	0	0	0	0	0	0	0	0	0	0	0	0	0	0	0	2	8	0	2	0	5	0	0	1	0	0	7	0	0	9	0	0	0	0	0	0	0	0	0	0	0	0	0	0	0	0	0	0	0	0	2	0	0	3
51e39bdc05e0b6f3d1b971c6c3bbb069	18	13	16	17	23	21	36	31	22	53	55	47	18	23	24	32	14	15	0	6	0	0	5	2	8	4	4	3	0	3	0	0	0	38	55	42	29	50	33	21	25	30	25	44	25	24	34	30	10	12	17	0	10	11	0	3	7	0	5	0	0	3	0	13	22	28	0	0	0	0	0	0
4f041110ddaa65c5bd3b673be15d86ba	28	6	6	26	11	21	24	31	28	41	52	53	19	22	41	47	104	108	7	36	33	0	0	3	1	0	10	0	5	0	8	10	16	37	46	36	55	39	33	57	49	56	82	49	49	124	97	85	5	11	15	27	26	23	5	21	32	3	11	8	5	5	13	20	47	63	9	5	0	0	0	0
7cf823eb1d02f73eea3507baffa7d1bf	0	0	7	0	7	8	0	10	13	16	15	33	0	8	15	13	21	12	0	6	11	0	0	0	0	0	0	0	0	7	2	0	0	8	0	21	0	13	14	0	17	12	13	14	17	11	13	9	3	6	0	0	0	0	0	0	0	0	0	0	0	0	0	0	0	0	0	0	0	0	0	0
d2c4f3538456a7752c8dd315831aec1f	3	1	5	4	5	6	5	10	10	19	22	30	7	11	11	26	28	35	0	10	4	0	0	2	0	10	4	0	0	0	0	0	9	13	12	8	17	23	22	12	5	13	20	16	23	10	14	12	0	0	6	0	0	0	0	3	0	0	0	0	0	0	0	0	0	0	0	0	0	0	0	4
f188407c27a3c4eff46f4a6ae5c65134	18	16	15	12	21	18	16	11	19	13	23	21	8	20	10	27	13	10	0	0	3	0	0	0	0	0	7	4	3	1	0	3	0	30	24	16	13	9	17	12	27	25	34	37	26	11	28	37	1	14	2	6	9	4	5	4	0	0	2	0	0	2	0	16	11	15	0	3	0	0	4	0
d83f29f1a140139899bdff5b62c9ba9b	0	24	15	13	25	0	35	32	29	48	43	35	62	77	64	65	51	47	4	14	5	0	3	4	10	6	8	4	3	13	7	0	0	105	146	98	56	59	79	114	98	123	129	131	141	65	76	80	25	34	40	25	46	42	22	43	22	0	15	0	6	14	0	124	119	96	14	35	17	12	29	26
105e094c5df15753ff6e29dd493b7fe8	0	5	2	0	0	4	0	6	0	0	9	6	0	0	1	13	0	0	0	0	0	0	0	0	0	0	0	0	0	0	0	0	0	5	0	0	11	0	0	13	11	6	9	18	15	6	12	4	3	0	7	0	0	0	0	7	0	0	0	0	0	0	0	9	0	0	0	0	0	0	0	0
7c015cda0218bf9712607248fc023362	0	0	0	0	0	4	0	8	11	0	5	7	0	0	9	0	0	2	0	0	0	0	0	2	0	0	1	0	0	0	0	0	0	10	0	0	0	0	0	0	5	12	0	9	13	9	2	8	4	0	0	0	0	6	0	4	4	0	0	0	0	0	0	0	0	2	0	0	0	0	0	3
a99affeccfb50b2c0cc6844fd2052041	29	26	30	32	34	37	0	62	16	28	23	36	22	0	12	24	0	26	19	0	0	0	0	0	0	0	0	0	0	0	0	0	0	0	40	39	0	38	45	16	0	14	58	46	0	60	19	31	0	0	0	0	0	0	0	0	0	0	0	0	0	0	0	14	0	8	0	0	0	0	0	0
ed9a14003175cebc502dee5a0d36d612	54	62	65	82	51	67	466	394	394	913	851	701	279	330	311	724	747	602	92	96	117	19	21	26	65	50	81	63	78	79	129	110	173	397	450	362	813	1125	999	492	561	531	933	920	768	1129	1192	1026	90	84	94	272	353	302	69	100	64	43	51	28	41	63	64	117	133	109	57	67	44	36	43	33
5102b1494274b0658013e89b4113c87c	0	0	0	0	0	0	0	0	0	0	0	0	14	14	6	35	23	25	40	24	38	15	18	28	0	0	0	0	0	0	0	0	0	9	3	0	0	0	0	0	0	5	8	8	0	0	5	0	77	66	96	0	4	4	16	25	14	0	5	6	0	5	0	12	13	16	0	0	0	0	0	0
75a205021b54d52e3ab136499a550bec	10	8	17	22	10	26	23	24	51	40	52	52	36	31	36	39	41	35	0	25	23	0	0	7	0	9	10	8	8	0	14	10	0	97	50	62	29	54	58	78	38	48	81	71	64	104	79	104	0	14	19	30	32	24	6	21	18	0	8	0	6	7	12	23	37	72	0	12	0	0	0	0
0d147c3b497c5ff5b97b88ea66dd8871	0	0	0	0	0	2	0	12	14	5	13	10	0	4	4	12	12	9	0	0	0	0	0	0	0	0	0	0	3	0	0	0	7	9	0	0	13	20	33	0	4	6	9	4	11	0	0	3	0	6	0	0	0	0	0	0	0	0	0	0	0	0	0	7	0	5	0	0	0	0	3	0
0517ae2fa4d7c45e2a961d633044d519	13	18	22	7	0	0	18	30	26	18	21	22	39	59	59	22	45	39	0	8	7	0	0	0	0	0	0	0	0	0	11	0	0	43	37	42	18	28	19	26	35	34	33	38	35	23	36	32	8	14	15	15	25	8	0	8	8	0	3	0	0	10	7	12	18	25	9	18	10	5	7	4
deae3dc51894fa9d6281df5c147de238	10	4	9	4	7	5	5	27	38	15	43	44	10	10	23	8	19	20	0	9	4	0	0	1	0	0	7	5	3	0	10	0	16	14	13	12	33	19	25	0	7	18	34	38	42	16	0	15	0	7	0	0	3	6	0	0	0	0	0	0	0	0	0	0	14	16	0	0	0	0	0	0
c9c1d692806c5b9991e578013bfa899c	0	0	0	0	1	0	0	2	0	3	4	0	1	0	2	0	0	0	0	0	0	0	0	0	0	0	0	0	0	0	3	0	0	0	0	8	0	0	5	0	0	4	0	4	8	0	0	0	0	0	0	0	0	0	0	0	1	0	0	0	0	0	0	2	4	7	7	0	0	0	1	0
de7de34efb0d52a84027e41434c6a466	0	7	14	8	12	7	0	5	16	0	10	9	11	14	17	9	6	19	0	0	0	0	0	2	0	0	0	0	0	1	0	0	3	9	12	20	0	17	11	7	12	27	11	12	23	0	8	13	8	6	14	0	9	12	1	2	0	0	0	0	5	0	1	0	11	0	1	5	0	5	0	5
81b0f3da6864836986c90600562067d9	10	15	23	0	0	21	15	13	14	24	14	21	20	10	20	0	0	0	0	0	3	0	0	5	0	0	5	0	1	5	0	0	0	39	40	56	19	25	33	26	29	42	26	38	41	19	32	23	6	7	7	10	9	22	0	8	8	3	2	2	0	0	5	13	14	21	0	7	5	0	0	0
e6f527e6633c2fa7e0b321f696abdf0f	33	26	24	69	71	77	65	95	91	87	123	155	79	100	108	377	347	273	16	34	20	32	5	6	26	24	26	26	28	37	47	41	68	82	83	61	146	150	204	100	68	91	620	487	433	87	96	105	29	42	50	26	49	38	13	20	20	18	7	9	59	80	67	44	26	29	0	8	0	0	11	8
061ce1071ec906ed5a5282a76de1b391	69	76	59	91	98	81	174	190	160	263	242	219	399	351	387	131	116	103	54	42	36	76	91	48	28	34	30	24	44	42	29	41	28	467	491	438	385	502	539	373	385	339	686	644	510	248	295	294	100	116	95	54	97	91	98	98	80	24	31	30	51	46	42	295	303	346	84	84	57	42	57	65
9ed87795c48e83ffdc080dc8b11ce717	0	7	2	12	17	30	22	37	39	64	61	75	51	51	55	37	50	55	22	24	34	9	14	23	0	0	6	5	11	12	12	0	18	149	116	159	130	121	157	37	30	67	94	59	93	52	50	75	12	6	11	0	14	0	0	6	0	4	0	3	0	0	6	23	16	33	15	14	11	6	5	15
fa6c0be817ef2536a174d63c93eb0b64	25	36	64	7	20	72	7	11	23	22	32	62	1	0	13	18	27	40	0	2	6	0	0	0	0	1	7	0	0	3	5	0	8	14	0	29	17	19	32	8	6	19	23	14	39	13	12	19	6	3	7	0	6	13	0	3	5	0	3	1	5	0	0	0	10	0	0	0	0	0	0	0
9387468db58c9c660aba96383788a61f	18	24	22	30	29	0	35	47	36	50	18	27	30	38	31	35	46	40	0	18	19	0	0	0	0	6	0	0	0	0	15	0	0	66	76	58	47	49	40	80	74	59	86	60	68	28	45	40	26	40	22	0	0	0	28	22	34	0	4	0	0	0	0	42	79	45	0	18	0	0	4	0
d266eaa72926032f1242e9de4c3d5de0	8	0	10	24	10	21	14	0	16	11	10	14	22	14	40	6	13	12	8	0	2	0	0	0	0	0	4	0	3	4	5	0	0	43	42	46	40	57	56	0	14	10	29	23	34	32	34	30	6	0	5	0	0	7	0	0	0	0	0	0	0	0	0	10	5	13	0	0	0	0	0	7
